ts_code,trade_date,open,high,low,close,pre_close,change,pct_chg,vol,amount
601778.SH,20240607,2.59,2.64,2.59,2.63,2.59,0.04,1.5444,312796.82,81859.25
601778.SH,20240606,2.69,2.71,2.57,2.59,2.69,-0.1,-3.7175,563103.67,147747.53
601778.SH,20240605,2.76,2.76,2.69,2.69,2.76,-0.07,-2.5362,270465.0,73559.217
601778.SH,20240604,2.76,2.77,2.7,2.76,2.78,-0.02,-0.7194,460621.81,125583.285
601778.SH,20240603,2.83,2.84,2.76,2.78,2.84,-0.06,-2.1127,442837.15,123223.498
601778.SH,20240531,2.85,2.87,2.84,2.84,2.87,-0.03,-1.0453,310835.25,88638.228
601778.SH,20240530,2.92,2.93,2.85,2.87,2.9,-0.03,-1.0345,420947.0,121070.417
601778.SH,20240529,2.88,2.96,2.87,2.9,2.88,0.02,0.6944,406488.41,118670.595
601778.SH,20240528,2.88,2.92,2.87,2.88,2.89,-0.01,-0.346,394300.53,114192.182
601778.SH,20240527,2.96,2.99,2.85,2.89,2.95,-0.06,-2.0339,567310.06,164477.901
601778.SH,20240524,2.91,3.01,2.9,2.95,2.88,0.07,2.4306,719859.78,213748.49
601778.SH,20240523,2.98,2.99,2.87,2.88,2.97,-0.09,-3.0303,444222.78,129310.622
601778.SH,20240522,2.85,3.02,2.85,2.97,2.85,0.12,4.2105,740646.24,217857.853
601778.SH,20240521,2.9,2.91,2.84,2.85,2.9,-0.05,-1.7241,309632.42,88669.935
601778.SH,20240520,2.91,2.93,2.9,2.9,2.92,-0.02,-0.6849,352711.39,102736.861
601778.SH,20240517,2.93,2.95,2.87,2.92,2.93,-0.01,-0.3413,500134.96,145243.453
601778.SH,20240516,2.97,2.99,2.93,2.93,2.97,-0.04,-1.3468,385084.83,113869.399
601778.SH,20240515,3.01,3.01,2.97,2.97,3.0,-0.03,-1.0,290167.93,86584.905
601778.SH,20240514,3.02,3.04,2.99,3.0,3.02,-0.02,-0.6623,299199.0,90091.566
601778.SH,20240513,3.0,3.03,2.98,3.02,3.01,0.01,0.3322,372601.0,112121.493
601778.SH,20240510,3.03,3.03,2.98,3.01,3.02,-0.01,-0.3311,333208.81,100038.706
601778.SH,20240509,2.97,3.04,2.96,3.02,2.97,0.05,1.6835,398066.79,120209.246
601778.SH,20240508,3.02,3.03,2.97,2.97,3.02,-0.05,-1.6556,345192.12,103416.24
601778.SH,20240507,3.04,3.04,3.0,3.02,3.03,-0.01,-0.33,356578.45,107614.206
601778.SH,20240506,3.01,3.06,3.0,3.03,2.99,0.04,1.3378,436427.97,132482.611
601778.SH,20240430,3.1,3.1,2.96,2.99,3.17,-0.18,-5.6782,912743.79,275318.582
601778.SH,20240429,3.05,3.17,3.03,3.17,3.06,0.11,3.5948,520904.71,162946.838
601778.SH,20240426,3.0,3.06,2.99,3.06,3.01,0.05,1.6611,376946.0,114302.079
601778.SH,20240425,2.99,3.03,2.97,3.01,3.0,0.01,0.3333,268433.77,80690.667
601778.SH,20240424,2.99,3.01,2.97,3.0,2.99,0.01,0.3344,249107.03,74391.005
601778.SH,20240423,3.01,3.03,2.98,2.99,3.01,-0.02,-0.6645,240829.81,72162.34
601778.SH,20240422,3.0,3.05,2.98,3.01,3.01,0.0,0.0,216243.0,65206.218
601778.SH,20240419,3.05,3.09,3.01,3.01,3.06,-0.05,-1.634,295445.77,89693.689
601778.SH,20240418,3.1,3.11,3.06,3.06,3.12,-0.06,-1.9231,333631.0,102686.76
601778.SH,20240417,3.0,3.12,3.0,3.12,2.98,0.14,4.698,416235.0,127639.666
601778.SH,20240416,3.06,3.08,2.97,2.98,3.09,-0.11,-3.5599,406909.35,122609.199
601778.SH,20240415,3.09,3.13,3.01,3.09,3.08,0.01,0.3247,439129.95,135280.315
601778.SH,20240412,3.18,3.18,3.08,3.08,3.18,-0.1,-3.1447,425840.8,132687.411
601778.SH,20240411,3.15,3.21,3.11,3.18,3.17,0.01,0.3155,433539.16,137018.492
601778.SH,20240410,3.23,3.23,3.14,3.17,3.23,-0.06,-1.8576,340734.4,108436.726
601778.SH,20240409,3.17,3.28,3.16,3.23,3.17,0.06,1.8927,481232.33,155341.38
601778.SH,20240408,3.23,3.23,3.16,3.17,3.22,-0.05,-1.5528,313277.0,100007.722
601778.SH,20240403,3.25,3.25,3.2,3.22,3.26,-0.04,-1.227,279465.93,90036.377
601778.SH,20240402,3.24,3.27,3.23,3.26,3.24,0.02,0.6173,321396.83,104425.499
601778.SH,20240401,3.18,3.24,3.17,3.24,3.17,0.07,2.2082,367327.2,118307.147
601778.SH,20240329,3.16,3.18,3.14,3.17,3.18,-0.01,-0.3145,353550.39,111694.836
601778.SH,20240328,3.15,3.21,3.15,3.18,3.16,0.02,0.6329,353490.0,112474.932
601778.SH,20240327,3.23,3.26,3.16,3.16,3.24,-0.08,-2.4691,336772.0,107958.092
601778.SH,20240326,3.19,3.26,3.18,3.24,3.19,0.05,1.5674,360372.01,115736.075
601778.SH,20240325,3.26,3.27,3.19,3.19,3.27,-0.08,-2.4465,397195.02,128479.304
601778.SH,20240322,3.34,3.35,3.26,3.27,3.35,-0.08,-2.3881,432165.0,142140.492
601778.SH,20240321,3.37,3.38,3.33,3.35,3.36,-0.01,-0.2976,266781.34,89383.114
601778.SH,20240320,3.36,3.37,3.34,3.36,3.36,0.0,0.0,293715.44,98580.638
601778.SH,20240319,3.41,3.43,3.36,3.36,3.41,-0.05,-1.4663,318815.15,108011.515
601778.SH,20240318,3.38,3.41,3.36,3.41,3.38,0.03,0.8876,384158.65,130196.041
601778.SH,20240315,3.34,3.39,3.32,3.38,3.35,0.03,0.8955,336563.0,112858.895
601778.SH,20240314,3.37,3.4,3.33,3.35,3.37,-0.02,-0.5935,338368.4,113812.163
601778.SH,20240313,3.4,3.41,3.36,3.37,3.4,-0.03,-0.8824,340404.0,115032.868
601778.SH,20240312,3.44,3.44,3.38,3.4,3.43,-0.03,-0.8746,460960.69,156903.184
601778.SH,20240311,3.37,3.44,3.37,3.43,3.35,0.08,2.3881,547224.34,186402.118
601778.SH,20240308,3.31,3.39,3.31,3.35,3.31,0.04,1.2085,433165.49,145036.392
601778.SH,20240307,3.35,3.37,3.31,3.31,3.35,-0.04,-1.194,391701.0,130732.029
601778.SH,20240306,3.29,3.38,3.28,3.35,3.29,0.06,1.8237,449613.68,149843.123
601778.SH,20240305,3.33,3.34,3.29,3.29,3.35,-0.06,-1.791,439300.71,145412.948
601778.SH,20240304,3.36,3.4,3.33,3.35,3.37,-0.02,-0.5935,442081.5,148637.213
601778.SH,20240301,3.34,3.38,3.31,3.37,3.33,0.04,1.2012,606007.74,202806.222
601778.SH,20240229,3.23,3.34,3.22,3.33,3.26,0.07,2.1472,677749.95,223132.623
601778.SH,20240228,3.29,3.46,3.26,3.26,3.29,-0.03,-0.9119,1083171.33,363466.469
601778.SH,20240227,3.22,3.29,3.2,3.29,3.24,0.05,1.5432,640558.72,207720.089
601778.SH,20240226,3.23,3.26,3.18,3.24,3.21,0.03,0.9346,709432.49,228029.826
601778.SH,20240223,3.18,3.24,3.16,3.21,3.17,0.04,1.2618,596546.11,190184.162
601778.SH,20240222,3.14,3.19,3.13,3.17,3.16,0.01,0.3165,464270.66,146571.884
601778.SH,20240221,3.12,3.22,3.09,3.16,3.14,0.02,0.6369,623485.4,197687.741
601778.SH,20240220,3.14,3.15,3.09,3.14,3.15,-0.01,-0.3175,515878.42,160896.33
601778.SH,20240219,3.28,3.29,3.14,3.15,3.23,-0.08,-2.4768,733328.13,234553.153
601778.SH,20240208,3.17,3.4,3.14,3.23,3.15,0.08,2.5397,924292.7,304342.025
601778.SH,20240207,2.96,3.15,2.94,3.15,2.98,0.17,5.7047,955191.67,295309.068
601778.SH,20240206,2.68,2.98,2.65,2.98,2.76,0.22,7.971,656865.75,185628.778
601778.SH,20240205,2.91,2.92,2.68,2.76,2.94,-0.18,-6.1224,765915.0,212814.024
601778.SH,20240202,3.06,3.11,2.83,2.94,3.07,-0.13,-4.2345,696867.64,208090.707
601778.SH,20240201,3.13,3.17,3.06,3.07,3.17,-0.1,-3.1546,574175.05,178518.508
601778.SH,20240131,3.25,3.3,3.1,3.17,3.25,-0.08,-2.4615,785883.01,250697.84
601778.SH,20240130,3.3,3.36,3.23,3.25,3.32,-0.07,-2.1084,469291.45,154527.601
601778.SH,20240129,3.41,3.41,3.32,3.32,3.39,-0.07,-2.0649,357927.44,120173.531
601778.SH,20240126,3.39,3.44,3.38,3.39,3.41,-0.02,-0.5865,344211.69,117352.312
601778.SH,20240125,3.32,3.42,3.29,3.41,3.34,0.07,2.0958,436455.32,146846.909
601778.SH,20240124,3.25,3.4,3.16,3.34,3.25,0.09,2.7692,580020.58,189140.231
601778.SH,20240123,3.24,3.29,3.16,3.25,3.25,0.0,0.0,418897.98,135641.499
601778.SH,20240122,3.43,3.43,3.22,3.25,3.43,-0.18,-5.2478,517968.84,172397.18
601778.SH,20240119,3.45,3.56,3.43,3.43,3.47,-0.04,-1.1527,424230.0,148162.16
601778.SH,20240118,3.44,3.48,3.35,3.47,3.45,0.02,0.5797,442763.92,150984.729
601778.SH,20240117,3.53,3.54,3.45,3.45,3.55,-0.1,-2.8169,305594.0,106961.369
601778.SH,20240116,3.55,3.58,3.49,3.55,3.56,-0.01,-0.2809,375347.48,132544.124
601778.SH,20240115,3.58,3.59,3.54,3.56,3.59,-0.03,-0.8357,347278.15,123867.499
601778.SH,20240112,3.59,3.65,3.58,3.59,3.59,0.0,0.0,570411.12,206151.416
601778.SH,20240111,3.53,3.61,3.52,3.59,3.52,0.07,1.9886,631813.51,225774.839
601778.SH,20240110,3.45,3.61,3.42,3.52,3.47,0.05,1.4409,644494.25,227618.666
601778.SH,20240109,3.45,3.51,3.41,3.47,3.44,0.03,0.8721,272357.77,94374.02
601778.SH,20240108,3.5,3.51,3.44,3.44,3.51,-0.07,-1.9943,275943.0,95887.733
601778.SH,20240105,3.52,3.57,3.49,3.51,3.53,-0.02,-0.5666,360761.0,127572.002
601778.SH,20240104,3.56,3.56,3.5,3.53,3.57,-0.04,-1.1204,263994.83,93169.301
601778.SH,20240103,3.53,3.58,3.52,3.57,3.54,0.03,0.8475,370368.62,131731.818
601778.SH,20240102,3.51,3.56,3.5,3.54,3.5,0.04,1.1429,421273.66,149135.808
601778.SH,20231229,3.5,3.52,3.48,3.5,3.5,0.0,0.0,384837.4,134629.573
601778.SH,20231228,3.33,3.52,3.31,3.5,3.33,0.17,5.1051,763530.27,263360.063
601778.SH,20231227,3.33,3.35,3.29,3.33,3.33,0.0,0.0,216018.95,71691.292
601778.SH,20231226,3.38,3.39,3.33,3.33,3.38,-0.05,-1.4793,228329.0,76567.065
601778.SH,20231225,3.42,3.43,3.37,3.38,3.42,-0.04,-1.1696,232663.59,79065.255
601778.SH,20231222,3.39,3.45,3.35,3.42,3.4,0.02,0.5882,417990.86,142064.65
601778.SH,20231221,3.35,3.43,3.32,3.4,3.36,0.04,1.1905,339400.87,114201.142
601778.SH,20231220,3.38,3.4,3.35,3.36,3.38,-0.02,-0.5917,258997.35,87460.482
601778.SH,20231219,3.42,3.43,3.36,3.38,3.43,-0.05,-1.4577,338948.71,115027.969
601778.SH,20231218,3.48,3.48,3.42,3.43,3.49,-0.06,-1.7192,374400.65,128994.085
601778.SH,20231215,3.53,3.54,3.48,3.49,3.53,-0.04,-1.1331,318610.83,111972.243
601778.SH,20231214,3.53,3.55,3.51,3.53,3.52,0.01,0.2841,275746.0,97448.3
601778.SH,20231213,3.54,3.57,3.5,3.52,3.55,-0.03,-0.8451,407527.01,144299.892
601778.SH,20231212,3.56,3.57,3.53,3.55,3.58,-0.03,-0.838,324332.89,115040.209
601778.SH,20231211,3.57,3.59,3.46,3.58,3.58,0.0,0.0,671275.09,236449.662
601778.SH,20231208,3.49,3.73,3.48,3.58,3.49,0.09,2.5788,1449839.56,524606.499
601778.SH,20231207,3.45,3.51,3.43,3.49,3.46,0.03,0.8671,379900.93,131600.851
601778.SH,20231206,3.45,3.49,3.42,3.46,3.46,0.0,0.0,516842.2,178270.596
601778.SH,20231205,3.51,3.52,3.45,3.46,3.52,-0.06,-1.7045,338854.0,118155.98
601778.SH,20231204,3.55,3.55,3.51,3.52,3.54,-0.02,-0.565,246382.72,86920.561
601778.SH,20231201,3.54,3.55,3.5,3.54,3.54,0.0,0.0,383018.12,134952.372
601778.SH,20231130,3.59,3.59,3.52,3.54,3.58,-0.04,-1.1173,255428.32,90730.179
601778.SH,20231129,3.62,3.64,3.57,3.58,3.64,-0.06,-1.6484,235967.5,85000.705
601778.SH,20231128,3.57,3.64,3.54,3.64,3.58,0.06,1.676,329496.38,118591.044
601778.SH,20231127,3.57,3.6,3.53,3.58,3.57,0.01,0.2801,351616.69,125108.479
601778.SH,20231124,3.62,3.62,3.56,3.57,3.62,-0.05,-1.3812,345325.19,123872.343
601778.SH,20231123,3.61,3.63,3.59,3.62,3.61,0.01,0.277,237382.0,85783.334
601778.SH,20231122,3.66,3.67,3.61,3.61,3.66,-0.05,-1.3661,326449.0,118752.911
601778.SH,20231121,3.68,3.71,3.66,3.66,3.68,-0.02,-0.5435,301883.0,111310.441
601778.SH,20231120,3.69,3.69,3.66,3.68,3.68,0.0,0.0,225262.69,82875.935
601778.SH,20231117,3.66,3.69,3.64,3.68,3.66,0.02,0.5464,285343.0,104580.98
601778.SH,20231116,3.72,3.72,3.66,3.66,3.72,-0.06,-1.6129,310425.01,114314.41
601778.SH,20231115,3.74,3.75,3.7,3.72,3.7,0.02,0.5405,387589.49,144535.728
601778.SH,20231114,3.7,3.74,3.68,3.7,3.7,0.0,0.0,377119.0,139835.118
601778.SH,20231113,3.68,3.71,3.65,3.7,3.68,0.02,0.5435,411171.4,151409.545
601778.SH,20231110,3.66,3.69,3.62,3.68,3.67,0.01,0.2725,388718.86,141886.571
601778.SH,20231109,3.64,3.7,3.63,3.67,3.65,0.02,0.5479,449143.3,165078.992
601778.SH,20231108,3.66,3.68,3.63,3.65,3.67,-0.02,-0.545,363360.9,132668.437
601778.SH,20231107,3.7,3.7,3.65,3.67,3.7,-0.03,-0.8108,350783.0,128683.375
601778.SH,20231106,3.67,3.72,3.67,3.7,3.65,0.05,1.3699,555921.46,205492.467
601778.SH,20231103,3.61,3.66,3.61,3.65,3.61,0.04,1.108,282056.99,102774.82
601778.SH,20231102,3.62,3.67,3.6,3.61,3.65,-0.04,-1.0959,309271.03,112171.851
601778.SH,20231101,3.68,3.69,3.63,3.65,3.66,-0.01,-0.2732,353181.1,129135.252
601778.SH,20231031,3.66,3.76,3.65,3.66,3.62,0.04,1.105,765720.0,282520.089
601778.SH,20231030,3.57,3.63,3.56,3.62,3.59,0.03,0.8357,319147.33,115022.86
601778.SH,20231027,3.52,3.6,3.5,3.59,3.52,0.07,1.9886,412268.7,146714.187
601778.SH,20231026,3.51,3.53,3.46,3.52,3.53,-0.01,-0.2833,337418.9,117846.523
601778.SH,20231025,3.49,3.58,3.49,3.53,3.47,0.06,1.7291,439246.73,155271.588
601778.SH,20231024,3.43,3.48,3.42,3.47,3.44,0.03,0.8721,390141.3,134826.428
601778.SH,20231023,3.53,3.54,3.42,3.44,3.55,-0.11,-3.0986,369818.0,128368.248
601778.SH,20231020,3.51,3.6,3.49,3.55,3.52,0.03,0.8523,441877.86,157126.235
601778.SH,20231019,3.56,3.58,3.52,3.52,3.56,-0.04,-1.1236,298066.0,105666.409
601778.SH,20231018,3.65,3.66,3.56,3.56,3.66,-0.1,-2.7322,429051.36,154027.213
601778.SH,20231017,3.65,3.67,3.63,3.66,3.64,0.02,0.5495,235516.64,85994.109
601778.SH,20231016,3.7,3.71,3.62,3.64,3.7,-0.06,-1.6216,331999.96,121317.59
601778.SH,20231013,3.71,3.71,3.67,3.7,3.73,-0.03,-0.8043,253122.82,93326.335
601778.SH,20231012,3.67,3.74,3.66,3.73,3.66,0.07,1.9126,350084.79,129758.247
601778.SH,20231011,3.71,3.72,3.65,3.66,3.7,-0.04,-1.0811,329806.0,121431.281
601778.SH,20231010,3.7,3.76,3.69,3.7,3.7,0.0,0.0,308795.0,114920.399
601778.SH,20231009,3.72,3.73,3.69,3.7,3.72,-0.02,-0.5376,286172.0,106092.053
601778.SH,20230928,3.68,3.73,3.66,3.72,3.67,0.05,1.3624,345342.45,127947.907
601778.SH,20230927,3.65,3.72,3.65,3.67,3.67,0.0,0.0,384649.75,142005.202
601778.SH,20230926,3.64,3.69,3.62,3.67,3.64,0.03,0.8242,367670.36,134542.386
601778.SH,20230925,3.68,3.69,3.64,3.64,3.7,-0.06,-1.6216,321284.34,117464.931
601778.SH,20230922,3.62,3.71,3.6,3.7,3.64,0.06,1.6484,488962.52,178862.722
601778.SH,20230921,3.69,3.73,3.63,3.64,3.65,-0.01,-0.274,524784.4,192346.176
601778.SH,20230920,3.68,3.69,3.64,3.65,3.69,-0.04,-1.084,451495.29,165322.563
601778.SH,20230919,3.71,3.72,3.68,3.69,3.73,-0.04,-1.0724,301473.93,111515.304
601778.SH,20230918,3.7,3.74,3.67,3.73,3.72,0.01,0.2688,313312.61,116337.697
601778.SH,20230915,3.72,3.76,3.7,3.72,3.71,0.01,0.2695,360599.01,134327.883
601778.SH,20230914,3.75,3.76,3.69,3.71,3.75,-0.04,-1.0667,388076.0,144283.17
601778.SH,20230913,3.8,3.82,3.73,3.75,3.81,-0.06,-1.5748,445251.18,167599.958
601778.SH,20230912,3.82,3.86,3.79,3.81,3.82,-0.01,-0.2618,561377.18,214592.535
601778.SH,20230911,3.77,3.83,3.74,3.82,3.77,0.05,1.3263,370556.94,140576.012
601778.SH,20230908,3.82,3.84,3.76,3.77,3.81,-0.04,-1.0499,537802.81,203604.18
601778.SH,20230907,3.91,3.92,3.81,3.81,3.9,-0.09,-2.3077,446231.68,171587.469
601778.SH,20230906,3.89,3.91,3.87,3.9,3.91,-0.01,-0.2558,342943.0,133293.798
601778.SH,20230905,3.89,3.93,3.87,3.91,3.9,0.01,0.2564,564590.17,220094.08
601778.SH,20230904,3.89,3.9,3.85,3.9,3.88,0.02,0.5155,582849.0,226130.556
601778.SH,20230901,3.85,3.9,3.84,3.88,3.85,0.03,0.7792,415020.4,160652.842
601778.SH,20230831,3.91,3.91,3.84,3.85,3.86,-0.01,-0.2591,611634.72,236541.701
601778.SH,20230830,3.8,3.88,3.79,3.86,3.8,0.06,1.5789,727495.7,278677.772
601778.SH,20230829,3.68,3.81,3.66,3.8,3.7,0.1,2.7027,719425.28,270848.117
601778.SH,20230828,3.9,3.94,3.7,3.7,3.74,-0.04,-1.0695,1238971.55,470530.135
601778.SH,20230825,3.86,3.87,3.73,3.74,3.9,-0.16,-4.1026,976979.01,369213.435
601778.SH,20230824,3.88,3.96,3.84,3.9,4.01,-0.11,-2.7431,1084840.08,422084.819
601778.SH,20230823,4.4,4.41,4.01,4.01,4.46,-0.45,-10.0897,1599071.52,644179.846
601778.SH,20230822,4.55,4.59,4.4,4.46,4.55,-0.09,-1.978,259099.32,115773.507
601778.SH,20230821,4.56,4.61,4.54,4.55,4.57,-0.02,-0.4376,111299.0,50854.486
601778.SH,20230818,4.59,4.63,4.57,4.57,4.61,-0.04,-0.8677,90859.3,41800.598
601778.SH,20230817,4.56,4.62,4.5,4.61,4.58,0.03,0.655,123334.71,56229.601
601778.SH,20230816,4.61,4.61,4.57,4.58,4.62,-0.04,-0.8658,100323.0,45984.619
601778.SH,20230815,4.64,4.66,4.59,4.62,4.65,-0.03,-0.6452,137192.61,63319.788
601778.SH,20230814,4.62,4.66,4.59,4.65,4.64,0.01,0.2155,135546.83,62700.748
601778.SH,20230811,4.72,4.72,4.63,4.64,4.72,-0.08,-1.6949,161316.65,75271.741
601778.SH,20230810,4.68,4.73,4.68,4.72,4.69,0.03,0.6397,98333.36,46319.732
601778.SH,20230809,4.73,4.75,4.66,4.69,4.74,-0.05,-1.0549,232275.74,109155.666
601778.SH,20230808,4.8,4.8,4.72,4.74,4.78,-0.04,-0.8368,182594.52,86516.08
601778.SH,20230807,4.9,4.91,4.77,4.78,4.9,-0.12,-2.449,273561.91,131328.991
601778.SH,20230804,4.93,4.97,4.89,4.9,4.88,0.02,0.4098,318712.56,157004.362
601778.SH,20230803,4.84,4.9,4.83,4.88,4.86,0.02,0.4115,159744.0,77899.15
601778.SH,20230802,4.89,4.89,4.84,4.86,4.88,-0.02,-0.4098,133529.0,64913.299
601778.SH,20230801,4.83,4.88,4.8,4.88,4.82,0.06,1.2448,232594.66,112706.32
601778.SH,20230731,4.79,4.83,4.78,4.82,4.79,0.03,0.6263,167198.32,80546.163
601778.SH,20230728,4.72,4.8,4.71,4.79,4.74,0.05,1.0549,134335.83,63973.387
601778.SH,20230727,4.77,4.79,4.74,4.74,4.77,-0.03,-0.6289,102273.49,48765.518
601778.SH,20230726,4.78,4.8,4.75,4.77,4.78,-0.01,-0.2092,114292.0,54393.625
601778.SH,20230725,4.75,4.79,4.75,4.78,4.73,0.05,1.0571,145720.21,69560.598
601778.SH,20230724,4.7,4.75,4.68,4.73,4.72,0.01,0.2119,130596.65,61750.867
601778.SH,20230721,4.73,4.76,4.69,4.72,4.73,-0.01,-0.2114,158152.23,74650.325
601778.SH,20230720,4.73,4.76,4.71,4.73,4.73,0.0,0.0,136660.83,64720.094
601778.SH,20230719,4.77,4.79,4.7,4.73,4.77,-0.04,-0.8386,183097.61,86660.694
601778.SH,20230718,4.83,4.83,4.76,4.77,4.82,-0.05,-1.0373,204972.83,97964.667
601778.SH,20230717,4.85,4.87,4.81,4.82,4.87,-0.05,-1.0267,163104.83,78793.012
601778.SH,20230714,4.94,4.94,4.85,4.87,4.94,-0.07,-1.417,257344.0,125379.637
601778.SH,20230713,4.96,5.0,4.92,4.94,4.95,-0.01,-0.202,204652.24,101250.755
601778.SH,20230712,4.99,5.01,4.94,4.95,5.0,-0.05,-1.0,186762.04,92904.482
601778.SH,20230711,4.93,5.02,4.85,5.0,4.91,0.09,1.833,327395.4,161921.595
601778.SH,20230710,4.9,4.96,4.88,4.91,4.88,0.03,0.6148,176812.16,86948.947
601778.SH,20230707,4.88,4.93,4.87,4.88,4.88,0.0,0.0,140839.0,69002.618
601778.SH,20230706,4.91,4.94,4.85,4.88,4.9,-0.02,-0.4082,157016.67,76671.569
601778.SH,20230705,5.02,5.02,4.89,4.9,5.01,-0.11,-2.1956,233304.0,115363.011
601778.SH,20230704,5.04,5.05,4.98,5.02,5.05,-0.03,-0.5941,193267.21,96769.571
601778.SH,20230703,4.92,5.09,4.92,5.05,4.94,0.11,2.2267,404833.7,203583.68
601778.SH,20230630,4.92,4.96,4.9,4.94,4.92,0.02,0.4065,176681.84,87130.173
601778.SH,20230629,4.97,4.99,4.91,4.92,4.97,-0.05,-1.006,220380.17,108893.114
601778.SH,20230628,4.86,4.97,4.83,4.97,4.86,0.11,2.2634,310541.0,152816.407
601778.SH,20230627,4.86,4.92,4.82,4.86,4.87,-0.01,-0.2053,225830.89,109955.328
601778.SH,20230626,4.78,4.91,4.77,4.87,4.82,0.05,1.0373,257130.19,125005.613
601778.SH,20230621,4.85,4.91,4.82,4.82,4.85,-0.03,-0.6186,195543.76,95153.999
601778.SH,20230620,4.92,4.93,4.84,4.85,4.93,-0.08,-1.6227,246352.62,120114.442
601778.SH,20230619,5.01,5.03,4.93,4.93,5.03,-0.1,-1.9881,279754.48,138932.178
601778.SH,20230616,5.11,5.13,5.02,5.03,5.09,-0.06,-1.1788,259349.04,131198.176
601778.SH,20230615,4.98,5.09,4.97,5.09,5.0,0.09,1.8,372364.4,188054.959
601778.SH,20230614,5.04,5.05,4.95,5.0,5.04,-0.04,-0.7937,340923.01,170261.208
601778.SH,20230613,5.1,5.13,5.01,5.04,5.1,-0.06,-1.1765,328090.0,165652.33
601778.SH,20230612,5.12,5.14,5.04,5.1,5.13,-0.03,-0.5848,563821.26,287462.234
601778.SH,20230609,4.94,5.13,4.92,5.13,4.95,0.18,3.6364,810910.22,410852.988
601778.SH,20230608,4.88,4.95,4.87,4.95,4.87,0.08,1.6427,440791.13,216953.975
601778.SH,20230607,4.81,4.9,4.79,4.87,4.81,0.06,1.2474,271328.12,131745.916
601778.SH,20230606,4.88,4.88,4.81,4.81,4.88,-0.07,-1.4344,276155.62,133364.513
601778.SH,20230605,4.78,4.92,4.78,4.88,4.81,0.07,1.4553,415856.42,202103.342
601778.SH,20230602,4.76,4.81,4.75,4.81,4.76,0.05,1.0504,233416.98,111975.917
601778.SH,20230601,4.7,4.78,4.67,4.76,4.71,0.05,1.0616,267209.75,126861.624
601778.SH,20230531,4.79,4.8,4.68,4.71,4.81,-0.1,-2.079,365091.2,172203.208
601778.SH,20230530,4.77,4.86,4.74,4.81,4.79,0.02,0.4175,296162.0,142039.102
601778.SH,20230529,4.76,4.82,4.76,4.79,4.79,0.0,0.0,271749.0,130357.032
601778.SH,20230526,4.83,4.85,4.72,4.79,4.83,-0.04,-0.8282,278037.08,132485.753
601778.SH,20230525,4.71,4.86,4.7,4.83,4.72,0.11,2.3305,415238.9,199865.904
601778.SH,20230524,4.76,4.82,4.71,4.72,4.76,-0.04,-0.8403,236853.0,112941.888
601778.SH,20230523,4.85,4.85,4.76,4.76,4.85,-0.09,-1.8557,275119.57,132262.183
601778.SH,20230522,4.75,4.87,4.73,4.85,4.75,0.1,2.1053,371160.32,179947.815
601778.SH,20230519,4.77,4.8,4.7,4.75,4.76,-0.01,-0.2101,158539.62,75347.655
601778.SH,20230518,4.81,4.86,4.75,4.76,4.81,-0.05,-1.0395,242714.27,116047.159
601778.SH,20230517,4.78,4.82,4.73,4.81,4.77,0.04,0.8386,233350.81,111684.677
601778.SH,20230516,4.81,4.81,4.75,4.77,4.81,-0.04,-0.8316,198976.68,95146.852
601778.SH,20230515,4.79,4.82,4.75,4.81,4.8,0.01,0.2083,242429.99,116004.357
601778.SH,20230512,4.77,4.89,4.75,4.8,4.78,0.02,0.4184,256616.41,123872.111
601778.SH,20230511,4.77,4.83,4.74,4.78,4.76,0.02,0.4202,166442.0,79720.535
601778.SH,20230510,4.71,4.78,4.69,4.76,4.69,0.07,1.4925,199724.39,94811.949
601778.SH,20230509,4.75,4.77,4.69,4.69,4.75,-0.06,-1.2632,222429.66,105385.379
601778.SH,20230508,4.75,4.8,4.73,4.75,4.75,0.0,0.0,211619.0,100983.384
601778.SH,20230505,4.78,4.78,4.68,4.75,4.76,-0.01,-0.2101,240806.0,113612.084
601778.SH,20230504,4.66,4.77,4.64,4.76,4.66,0.1,2.1459,316565.19,150159.967
601778.SH,20230428,4.63,4.68,4.62,4.66,4.64,0.02,0.431,210503.85,97820.826
601778.SH,20230427,4.69,4.69,4.61,4.64,4.7,-0.06,-1.2766,210943.81,97904.707
601778.SH,20230426,4.57,4.7,4.53,4.7,4.56,0.14,3.0702,306128.59,142251.014
601778.SH,20230425,4.61,4.65,4.5,4.56,4.61,-0.05,-1.0846,247305.32,112775.198
601778.SH,20230424,4.57,4.67,4.5,4.61,4.59,0.02,0.4357,304722.07,139693.809
601778.SH,20230421,4.69,4.71,4.58,4.59,4.7,-0.11,-2.3404,268944.78,124941.122
601778.SH,20230420,4.79,4.8,4.66,4.7,4.79,-0.09,-1.8789,339418.17,159277.924
601778.SH,20230419,4.84,4.85,4.78,4.79,4.85,-0.06,-1.2371,238122.76,114760.56
601778.SH,20230418,4.95,4.96,4.85,4.85,4.99,-0.14,-2.8056,420661.71,205339.091
601778.SH,20230417,4.96,4.99,4.93,4.99,4.96,0.03,0.6048,358936.23,178622.111
601778.SH,20230414,4.9,4.98,4.87,4.96,4.93,0.03,0.6085,429000.38,210898.457
601778.SH,20230413,4.85,4.99,4.85,4.93,4.83,0.1,2.0704,482400.01,238184.044
601778.SH,20230412,4.89,4.91,4.81,4.83,4.88,-0.05,-1.0246,270364.0,131046.621
601778.SH,20230411,4.91,4.92,4.84,4.88,4.91,-0.03,-0.611,242801.13,118151.585
601778.SH,20230410,4.84,4.91,4.81,4.91,4.84,0.07,1.4463,364642.0,177776.967
601778.SH,20230407,4.82,4.86,4.79,4.84,4.81,0.03,0.6237,194360.5,93955.943
601778.SH,20230406,4.81,4.84,4.77,4.81,4.81,0.0,0.0,260203.0,124656.461
601778.SH,20230404,4.92,4.93,4.79,4.81,4.92,-0.11,-2.2358,378287.31,182887.695
601778.SH,20230403,4.91,4.93,4.87,4.92,4.91,0.01,0.2037,255305.07,124925.536
601778.SH,20230331,4.94,4.94,4.9,4.91,4.92,-0.01,-0.2033,163415.83,80372.476
601778.SH,20230330,4.9,4.94,4.85,4.92,4.9,0.02,0.4082,268120.26,131216.178
601778.SH,20230329,4.93,4.95,4.9,4.9,4.91,-0.01,-0.2037,185160.26,91134.135
601778.SH,20230328,5.02,5.02,4.91,4.91,5.0,-0.09,-1.8,311414.65,154416.198
601778.SH,20230327,5.06,5.07,4.98,5.0,5.06,-0.06,-1.1858,315577.69,157788.677
601778.SH,20230324,5.03,5.09,4.99,5.06,5.0,0.06,1.2,339256.5,171399.511
601778.SH,20230323,5.03,5.04,4.97,5.0,5.06,-0.06,-1.1858,284812.85,142131.605
601778.SH,20230322,5.01,5.09,5.01,5.06,5.0,0.06,1.2,251730.62,127041.229
601778.SH,20230321,4.99,5.03,4.95,5.0,5.0,0.0,0.0,233605.0,116440.956
601778.SH,20230320,4.96,5.05,4.94,5.0,4.95,0.05,1.0101,285429.96,142875.306
601778.SH,20230317,5.0,5.02,4.95,4.95,4.96,-0.01,-0.2016,253969.49,126488.725
601778.SH,20230316,5.08,5.08,4.95,4.96,5.07,-0.11,-2.1696,229924.0,114789.042
601778.SH,20230315,5.06,5.1,5.05,5.07,5.03,0.04,0.7952,186581.0,94681.025
601778.SH,20230314,5.1,5.1,4.94,5.03,5.09,-0.06,-1.1788,327708.04,164208.838
601778.SH,20230313,5.13,5.16,5.06,5.09,5.11,-0.02,-0.3914,222138.35,113236.527
601778.SH,20230310,5.11,5.15,5.05,5.11,5.14,-0.03,-0.5837,280392.31,142890.207
601778.SH,20230309,5.23,5.23,5.11,5.14,5.2,-0.06,-1.1538,237878.83,122613.525
601778.SH,20230308,5.18,5.24,5.13,5.2,5.19,0.01,0.1927,192391.76,100085.905
601778.SH,20230307,5.32,5.34,5.19,5.19,5.31,-0.12,-2.2599,316931.8,166276.141
601778.SH,20230306,5.29,5.35,5.23,5.31,5.3,0.01,0.1887,348574.67,184406.794
601778.SH,20230303,5.26,5.32,5.24,5.3,5.27,0.03,0.5693,259682.24,137518.907
601778.SH,20230302,5.37,5.37,5.26,5.27,5.37,-0.1,-1.8622,407263.34,215802.038
601778.SH,20230301,5.41,5.41,5.33,5.37,5.41,-0.04,-0.7394,361645.48,193476.927
601778.SH,20230228,5.34,5.41,5.31,5.41,5.34,0.07,1.3109,356299.83,191000.232
601778.SH,20230227,5.26,5.48,5.24,5.34,5.29,0.05,0.9452,666530.04,358280.963
601778.SH,20230224,5.34,5.34,5.23,5.29,5.34,-0.05,-0.9363,302858.77,159728.397
601778.SH,20230223,5.39,5.39,5.28,5.34,5.38,-0.04,-0.7435,429843.8,228689.184
601778.SH,20230222,5.39,5.49,5.36,5.38,5.43,-0.05,-0.9208,388160.82,209645.528
601778.SH,20230221,5.41,5.47,5.36,5.43,5.41,0.02,0.3697,377090.69,203968.743
601778.SH,20230220,5.46,5.48,5.35,5.41,5.45,-0.04,-0.7339,363287.83,196160.134
601778.SH,20230217,5.41,5.55,5.41,5.45,5.42,0.03,0.5535,358846.62,196520.82
601778.SH,20230216,5.61,5.63,5.36,5.42,5.6,-0.18,-3.2143,628014.66,345948.499
601778.SH,20230215,5.71,5.72,5.6,5.6,5.7,-0.1,-1.7544,469258.91,264367.911
601778.SH,20230214,5.67,5.76,5.66,5.7,5.65,0.05,0.885,422286.0,240930.243
601778.SH,20230213,5.71,5.83,5.64,5.65,5.71,-0.06,-1.0508,651796.7,372233.54
601778.SH,20230210,5.73,5.74,5.64,5.71,5.71,0.0,0.0,609576.83,347570.162
601778.SH,20230209,5.6,5.77,5.55,5.71,5.62,0.09,1.6014,713217.0,405570.649
601778.SH,20230208,5.67,5.71,5.6,5.62,5.67,-0.05,-0.8818,441301.69,249184.11
601778.SH,20230207,5.58,5.77,5.53,5.67,5.56,0.11,1.9784,796730.1,452663.48
601778.SH,20230206,5.47,5.62,5.46,5.56,5.53,0.03,0.5425,478676.36,266547.281
601778.SH,20230203,5.55,5.55,5.43,5.53,5.54,-0.01,-0.1805,387845.25,212471.643
601778.SH,20230202,5.63,5.66,5.52,5.54,5.64,-0.1,-1.773,589651.36,328729.175
601778.SH,20230201,5.61,5.66,5.53,5.64,5.59,0.05,0.8945,583359.66,327077.592
601778.SH,20230131,5.52,5.6,5.43,5.59,5.54,0.05,0.9025,462415.2,256969.33
601778.SH,20230130,5.68,5.69,5.52,5.54,5.59,-0.05,-0.8945,675142.96,377231.607
601778.SH,20230120,5.49,5.6,5.49,5.59,5.49,0.1,1.8215,428250.66,238033.747
601778.SH,20230119,5.54,5.55,5.46,5.49,5.54,-0.05,-0.9025,394861.02,216893.394
601778.SH,20230118,5.6,5.64,5.52,5.54,5.56,-0.02,-0.3597,386366.13,215336.965
601778.SH,20230117,5.66,5.71,5.52,5.56,5.66,-0.1,-1.7668,448893.15,251015.849
601778.SH,20230116,5.61,5.74,5.58,5.66,5.59,0.07,1.2522,482909.48,273504.698
601778.SH,20230113,5.73,5.74,5.53,5.59,5.67,-0.08,-1.4109,675555.03,377671.949
601778.SH,20230112,5.66,5.92,5.63,5.67,5.73,-0.06,-1.0471,1062238.04,609459.82
601778.SH,20230111,5.82,5.84,5.69,5.73,5.76,-0.03,-0.5208,636037.56,365579.894
601778.SH,20230110,5.84,5.92,5.73,5.76,5.83,-0.07,-1.2007,720257.96,417622.64
601778.SH,20230109,6.14,6.19,5.73,5.83,6.06,-0.23,-3.7954,1347588.55,790051.237
601778.SH,20230106,6.0,6.35,5.97,6.06,5.98,0.08,1.3378,1609598.63,988669.048
601778.SH,20230105,5.84,6.17,5.83,5.98,5.83,0.15,2.5729,1315250.17,791374.103
601778.SH,20230104,5.83,5.92,5.73,5.83,5.83,0.0,0.0,786156.04,458599.908
601778.SH,20230103,5.53,5.88,5.5,5.83,5.5,0.33,6.0,1235308.13,707683.104
601778.SH,20221230,5.36,5.6,5.34,5.5,5.34,0.16,2.9963,975386.43,536518.888
601778.SH,20221229,5.4,5.5,5.24,5.34,5.46,-0.12,-2.1978,1405002.86,753218.671
601778.SH,20221228,4.96,5.46,4.91,5.46,4.96,0.5,10.0806,1579818.31,838555.853
601778.SH,20221227,4.89,5.0,4.85,4.96,4.88,0.08,1.6393,306177.91,150818.411
601778.SH,20221226,4.69,4.88,4.69,4.88,4.68,0.2,4.2735,288247.0,138826.072
601778.SH,20221223,4.68,4.72,4.61,4.68,4.71,-0.03,-0.6369,252587.0,117737.047
601778.SH,20221222,4.8,4.82,4.68,4.71,4.77,-0.06,-1.2579,187298.57,89085.516
601778.SH,20221221,4.85,4.86,4.74,4.77,4.85,-0.08,-1.6495,145446.1,69591.39
601778.SH,20221220,4.74,4.86,4.69,4.85,4.74,0.11,2.3207,244969.18,117565.112
601778.SH,20221219,4.91,4.95,4.7,4.74,4.92,-0.18,-3.6585,341270.03,163697.437
601778.SH,20221216,4.94,4.99,4.9,4.92,4.95,-0.03,-0.6061,267792.3,132164.434
601778.SH,20221215,4.99,5.02,4.92,4.95,4.99,-0.04,-0.8016,242323.74,120113.766
601778.SH,20221214,5.03,5.06,4.97,4.99,5.02,-0.03,-0.5976,222279.19,111304.866
601778.SH,20221213,5.08,5.11,5.01,5.02,5.08,-0.06,-1.1811,262066.0,132156.077
601778.SH,20221212,5.13,5.16,5.06,5.08,5.17,-0.09,-1.7408,280138.88,142863.806
601778.SH,20221209,5.34,5.42,5.16,5.17,5.29,-0.12,-2.2684,440249.38,229883.651
601778.SH,20221208,5.27,5.36,5.25,5.29,5.29,0.0,0.0,340457.82,180651.891
601778.SH,20221207,5.35,5.35,5.22,5.29,5.39,-0.1,-1.8553,417520.1,220373.083
601778.SH,20221206,5.51,5.57,5.34,5.39,5.49,-0.1,-1.8215,541547.24,293593.404
601778.SH,20221205,5.45,5.79,5.43,5.49,5.4,0.09,1.6667,966702.57,538082.267
601778.SH,20221202,5.19,5.44,5.19,5.4,5.17,0.23,4.4487,782406.06,417710.485
601778.SH,20221201,5.15,5.23,5.09,5.17,5.12,0.05,0.9766,381620.86,197246.887
601778.SH,20221130,5.08,5.13,5.05,5.12,5.08,0.04,0.7874,258083.83,131421.073
601778.SH,20221129,5.04,5.1,5.01,5.08,5.07,0.01,0.1972,328173.32,166140.05
601778.SH,20221128,4.94,5.13,4.87,5.07,4.97,0.1,2.0121,373158.54,186417.982
601778.SH,20221125,4.96,4.99,4.91,4.97,4.97,0.0,0.0,201076.46,99702.77
601778.SH,20221124,5.0,5.01,4.96,4.97,4.98,-0.01,-0.2008,184311.0,91836.166
601778.SH,20221123,4.89,4.98,4.86,4.98,4.9,0.08,1.6327,268523.59,132385.289
601778.SH,20221122,4.95,4.96,4.88,4.9,4.96,-0.06,-1.2097,210324.25,103501.951
601778.SH,20221121,4.91,4.98,4.88,4.96,4.95,0.01,0.202,193913.65,95876.372
601778.SH,20221118,4.93,4.99,4.92,4.95,4.93,0.02,0.4057,249569.83,123678.815
601778.SH,20221117,4.95,4.99,4.89,4.93,4.98,-0.05,-1.004,210470.0,103451.24
601778.SH,20221116,4.94,5.1,4.93,4.98,4.93,0.05,1.0142,418644.49,209014.288
601778.SH,20221115,4.82,4.94,4.81,4.93,4.83,0.1,2.0704,309042.68,151192.176
601778.SH,20221114,4.85,4.87,4.82,4.83,4.86,-0.03,-0.6173,234022.21,113357.023
601778.SH,20221111,4.91,4.95,4.85,4.86,4.83,0.03,0.6211,265552.24,129585.556
601778.SH,20221110,4.84,4.86,4.8,4.83,4.87,-0.04,-0.8214,172783.0,83487.153
601778.SH,20221109,4.85,4.89,4.81,4.87,4.85,0.02,0.4124,221743.06,107508.959
601778.SH,20221108,4.86,4.9,4.82,4.85,4.89,-0.04,-0.818,231014.01,112005.047
601778.SH,20221107,4.89,4.93,4.86,4.89,4.88,0.01,0.2049,294969.69,144384.131
601778.SH,20221104,4.8,4.89,4.8,4.88,4.8,0.08,1.6667,391665.9,189968.814
601778.SH,20221103,4.71,4.83,4.71,4.8,4.76,0.04,0.8403,299518.18,143483.929
601778.SH,20221102,4.82,4.84,4.72,4.76,4.76,0.0,0.0,307164.55,146194.467
601778.SH,20221101,4.64,4.79,4.62,4.76,4.61,0.15,3.2538,360454.81,170306.458
601778.SH,20221031,4.44,4.64,4.43,4.61,4.47,0.14,3.132,345553.45,158321.296
601778.SH,20221028,4.66,4.66,4.44,4.47,4.68,-0.21,-4.4872,347169.0,157362.655
601778.SH,20221027,4.78,4.81,4.67,4.68,4.76,-0.08,-1.6807,322288.72,152467.524
601778.SH,20221026,4.71,4.79,4.69,4.76,4.72,0.04,0.8475,255340.31,121252.052
601778.SH,20221025,4.63,4.74,4.54,4.72,4.64,0.08,1.7241,219294.0,102321.764
601778.SH,20221024,4.7,4.77,4.6,4.64,4.69,-0.05,-1.0661,213641.53,100144.23
601778.SH,20221021,4.69,4.76,4.68,4.69,4.67,0.02,0.4283,178483.83,84292.571
601778.SH,20221020,4.68,4.73,4.61,4.67,4.7,-0.03,-0.6383,184033.18,85911.061
601778.SH,20221019,4.76,4.79,4.7,4.7,4.76,-0.06,-1.2605,184001.84,87203.879
601778.SH,20221018,4.78,4.8,4.74,4.76,4.76,0.0,0.0,170454.99,81289.321
601778.SH,20221017,4.74,4.77,4.68,4.76,4.76,0.0,0.0,222148.18,105164.071
601778.SH,20221014,4.71,4.79,4.69,4.76,4.69,0.07,1.4925,234271.56,111036.124
601778.SH,20221013,4.68,4.73,4.67,4.69,4.73,-0.04,-0.8457,185967.66,87469.182
601778.SH,20221012,4.64,4.73,4.53,4.73,4.64,0.09,1.9397,247929.01,114757.236
601778.SH,20221011,4.51,4.64,4.51,4.64,4.51,0.13,2.8825,188785.26,86516.487
601778.SH,20221010,4.5,4.57,4.48,4.51,4.49,0.02,0.4454,173130.37,78393.638
601778.SH,20220930,4.47,4.53,4.45,4.49,4.46,0.03,0.6726,146481.76,65740.792
601778.SH,20220929,4.53,4.55,4.44,4.46,4.49,-0.03,-0.6682,157611.5,70904.24
601778.SH,20220928,4.6,4.66,4.49,4.49,4.61,-0.12,-2.603,182971.54,83422.502
601778.SH,20220927,4.56,4.63,4.5,4.61,4.51,0.1,2.2173,186596.0,85070.123
601778.SH,20220926,4.61,4.64,4.5,4.51,4.64,-0.13,-2.8017,185228.02,84574.949
601778.SH,20220923,4.7,4.75,4.61,4.64,4.71,-0.07,-1.4862,157390.0,73509.234
601778.SH,20220922,4.7,4.78,4.69,4.71,4.74,-0.03,-0.6329,144577.0,68430.788
601778.SH,20220921,4.65,4.75,4.62,4.74,4.71,0.03,0.6369,172642.02,81182.841
601778.SH,20220920,4.63,4.74,4.63,4.71,4.62,0.09,1.9481,182089.5,85504.128
601778.SH,20220919,4.67,4.72,4.59,4.62,4.69,-0.07,-1.4925,205275.45,95155.172
601778.SH,20220916,4.85,4.86,4.68,4.69,4.85,-0.16,-3.299,298526.48,142049.621
601778.SH,20220915,5.12,5.13,4.8,4.85,5.08,-0.23,-4.5276,577797.0,283438.918
601778.SH,20220914,5.14,5.17,5.05,5.08,5.21,-0.13,-2.4952,342110.19,174590.993
601778.SH,20220913,5.27,5.29,5.19,5.21,5.25,-0.04,-0.7619,217972.27,113779.634
601778.SH,20220909,5.23,5.26,5.13,5.25,5.24,0.01,0.1908,251606.31,130894.932
601778.SH,20220908,5.27,5.36,5.23,5.24,5.29,-0.05,-0.9452,366506.8,193778.905
601778.SH,20220907,5.24,5.31,5.2,5.29,5.25,0.04,0.7619,393161.83,206825.892
601778.SH,20220906,5.24,5.27,5.17,5.25,5.21,0.04,0.7678,397075.12,207622.783
601778.SH,20220905,5.15,5.21,5.12,5.21,5.14,0.07,1.3619,359030.26,185831.116
601778.SH,20220902,5.17,5.24,5.13,5.14,5.16,-0.02,-0.3876,375837.48,194292.859
601778.SH,20220901,5.24,5.29,5.16,5.16,5.24,-0.08,-1.5267,315612.0,164690.898
601778.SH,20220831,5.43,5.47,5.22,5.24,5.47,-0.23,-4.2048,450712.25,238544.013
601778.SH,20220830,5.64,5.74,5.41,5.47,5.67,-0.2,-3.5273,473874.65,260691.24
601778.SH,20220829,5.63,5.85,5.56,5.67,5.69,-0.02,-0.3515,522960.15,296535.896
601778.SH,20220826,5.75,5.82,5.67,5.69,5.72,-0.03,-0.5245,366186.16,210336.817
601778.SH,20220825,5.88,5.89,5.62,5.72,5.81,-0.09,-1.5491,479177.34,273644.706
601778.SH,20220824,5.97,6.11,5.8,5.81,5.97,-0.16,-2.6801,710217.42,422268.014
601778.SH,20220823,5.87,6.07,5.86,5.97,5.91,0.06,1.0152,689635.69,412412.739
601778.SH,20220822,6.05,6.14,5.85,5.91,6.08,-0.17,-2.7961,1034454.32,615703.936
601778.SH,20220819,5.75,6.19,5.66,6.08,5.71,0.37,6.4799,1711437.2,1026714.015
601778.SH,20220818,5.7,5.85,5.69,5.71,5.83,-0.12,-2.0583,560047.27,321746.932
601778.SH,20220817,5.77,5.92,5.71,5.83,5.7,0.13,2.2807,791400.27,458609.262
601778.SH,20220816,5.58,5.72,5.57,5.7,5.62,0.08,1.4235,500515.58,284197.897
601778.SH,20220815,5.5,5.64,5.45,5.62,5.56,0.06,1.0791,453318.92,252568.603
601778.SH,20220812,5.42,5.65,5.39,5.56,5.4,0.16,2.963,562716.48,310978.879
601778.SH,20220811,5.4,5.41,5.34,5.4,5.37,0.03,0.5587,276830.23,148997.146
601778.SH,20220810,5.36,5.38,5.27,5.37,5.36,0.01,0.1866,293803.39,156375.903
601778.SH,20220809,5.34,5.46,5.33,5.36,5.38,-0.02,-0.3717,303570.48,163803.954
601778.SH,20220808,5.32,5.38,5.25,5.38,5.31,0.07,1.3183,256739.12,137252.448
601778.SH,20220805,5.28,5.31,5.17,5.31,5.28,0.03,0.5682,322114.4,168486.461
601778.SH,20220804,5.26,5.33,5.14,5.28,5.22,0.06,1.1494,290922.48,152615.124
601778.SH,20220803,5.32,5.47,5.21,5.22,5.32,-0.1,-1.8797,413970.95,220989.151
601778.SH,20220802,5.6,5.61,5.3,5.32,5.69,-0.37,-6.5026,608694.83,329200.862
601778.SH,20220801,5.78,5.78,5.61,5.69,5.8,-0.11,-1.8966,386598.03,219012.418
601778.SH,20220729,5.68,5.9,5.67,5.8,5.68,0.12,2.1127,597457.88,347221.617
601778.SH,20220728,5.76,5.79,5.68,5.68,5.71,-0.03,-0.5254,373158.61,213686.055
601778.SH,20220727,5.69,5.74,5.63,5.71,5.71,0.0,0.0,359833.72,204652.764
601778.SH,20220726,5.72,5.74,5.59,5.71,5.74,-0.03,-0.5226,361682.65,205090.215
601778.SH,20220725,5.89,5.89,5.65,5.74,5.88,-0.14,-2.381,528791.83,302536.774
601778.SH,20220722,5.86,5.92,5.78,5.88,5.82,0.06,1.0309,478651.89,280390.884
601778.SH,20220721,5.98,5.98,5.81,5.82,6.05,-0.23,-3.8017,801222.47,470466.421
601778.SH,20220720,6.13,6.22,6.02,6.05,6.08,-0.03,-0.4934,696620.67,423736.368
601778.SH,20220719,6.09,6.15,6.0,6.08,6.09,-0.01,-0.1642,701577.38,426042.319
601778.SH,20220718,5.81,6.17,5.8,6.09,5.79,0.3,5.1813,1052075.14,635075.794
601778.SH,20220715,5.88,5.96,5.75,5.79,5.93,-0.14,-2.3609,731201.16,427353.83
601778.SH,20220714,5.82,6.13,5.71,5.94,5.83,0.11,1.8868,1200805.81,711182.725
601778.SH,20220713,5.57,5.83,5.57,5.83,5.6,0.23,4.1071,894315.22,513141.144
601778.SH,20220712,5.73,5.85,5.58,5.6,5.7,-0.1,-1.7544,773767.1,440779.387
601778.SH,20220711,5.83,5.92,5.65,5.7,5.89,-0.19,-3.2258,756244.32,433406.11
601778.SH,20220708,6.03,6.09,5.83,5.89,6.04,-0.15,-2.4834,1295886.28,770357.954
601778.SH,20220707,5.68,6.19,5.62,6.04,5.63,0.41,7.2824,1969131.86,1185485.904
601778.SH,20220706,5.74,5.84,5.57,5.63,5.8,-0.17,-2.931,738650.36,418439.964
601778.SH,20220705,5.6,5.88,5.58,5.8,5.65,0.15,2.6549,1320383.49,761542.732
601778.SH,20220704,5.45,5.65,5.38,5.65,5.47,0.18,3.2907,897449.99,499155.298
601778.SH,20220701,5.42,5.59,5.38,5.47,5.4,0.07,1.2963,629515.78,346728.0
601778.SH,20220630,5.38,5.45,5.33,5.4,5.4,0.0,0.0,439702.44,237397.389
601778.SH,20220629,5.64,5.64,5.38,5.4,5.63,-0.23,-4.0853,802197.95,439953.066
601778.SH,20220628,5.51,5.67,5.49,5.63,5.47,0.16,2.925,865811.73,483758.397
601778.SH,20220627,5.54,5.54,5.42,5.47,5.48,-0.01,-0.1825,457132.99,249991.192
601778.SH,20220624,5.53,5.58,5.44,5.48,5.51,-0.03,-0.5445,522317.37,287230.885
601778.SH,20220623,5.45,5.53,5.3,5.51,5.46,0.05,0.9158,560663.5,304126.176
601778.SH,20220622,5.51,5.62,5.43,5.46,5.51,-0.05,-0.9074,604469.45,333272.489
601778.SH,20220621,5.66,5.69,5.46,5.51,5.6,-0.09,-1.6071,694808.46,385069.287
601778.SH,20220620,5.52,5.69,5.45,5.6,5.52,0.08,1.4493,847954.34,473648.005
601778.SH,20220617,5.33,5.64,5.28,5.52,5.36,0.16,2.9851,1004812.75,552742.032
601778.SH,20220616,5.29,5.57,5.27,5.36,5.27,0.09,1.7078,883621.04,475888.021
601778.SH,20220615,5.37,5.4,5.26,5.27,5.35,-0.08,-1.4953,635126.32,338665.638
601778.SH,20220614,5.36,5.37,5.15,5.35,5.41,-0.06,-1.1091,594373.75,312594.728
601778.SH,20220613,5.38,5.47,5.34,5.41,5.37,0.04,0.7449,633857.24,342160.538
601778.SH,20220610,5.09,5.4,5.06,5.37,5.13,0.24,4.6784,977002.85,519613.004
601778.SH,20220609,5.34,5.34,5.09,5.13,5.36,-0.23,-4.291,705733.55,366600.412
601778.SH,20220608,5.35,5.46,5.22,5.36,5.33,0.03,0.5629,765284.84,409405.001
