ts_code,trade_date,open,high,low,close,pre_close,change,pct_chg,vol,amount
688513.SH,20240607,55.3,56.19,54.98,55.7,55.23,0.47,0.851,2341.56,12985.488
688513.SH,20240606,55.35,55.8,54.25,55.23,55.1,0.13,0.2359,4612.8,25385.409
688513.SH,20240605,55.5,56.36,54.81,55.1,55.27,-0.17,-0.3076,2634.24,14674.849
688513.SH,20240604,54.83,55.8,54.5,55.27,55.3,-0.03,-0.0542,4818.3,26527.42
688513.SH,20240603,55.61,57.47,54.6,55.3,56.02,-0.72,-1.2853,6481.63,36338.787
688513.SH,20240531,55.53,56.47,55.26,56.02,54.83,1.19,2.1703,2348.04,13126.498
688513.SH,20240530,55.3,56.33,54.75,54.83,55.3,-0.47,-0.8499,3240.63,17924.092
688513.SH,20240529,56.24,57.31,54.63,55.3,56.24,-0.94,-1.6714,5863.61,32707.625
688513.SH,20240528,56.0,57.1,55.41,56.24,56.0,0.24,0.4286,3236.42,18262.679
688513.SH,20240527,56.76,57.13,55.5,56.0,56.57,-0.57,-1.0076,3304.1,18497.669
688513.SH,20240524,57.91,58.58,56.5,56.57,57.83,-1.26,-2.1788,2742.02,15657.658
688513.SH,20240523,57.26,58.18,56.89,57.83,57.31,0.52,0.9073,3883.59,22450.642
688513.SH,20240522,57.87,57.87,56.9,57.31,57.18,0.13,0.2274,2842.58,16250.493
688513.SH,20240521,57.0,57.62,56.73,57.18,57.24,-0.06,-0.1048,1632.08,9331.593
688513.SH,20240520,58.6,58.6,56.72,57.24,58.02,-0.78,-1.3444,6589.16,37819.802
688513.SH,20240517,58.1,58.93,57.72,58.02,58.6,-0.58,-0.9898,3766.71,21895.917
688513.SH,20240516,58.44,59.62,58.03,58.6,58.38,0.22,0.3768,2886.14,17015.387
688513.SH,20240515,58.06,59.11,57.42,58.38,58.31,0.07,0.12,5978.25,34900.429
688513.SH,20240514,58.19,59.49,58.19,58.31,58.18,0.13,0.2234,3791.98,22289.853
688513.SH,20240513,60.3,60.82,58.0,58.18,60.33,-2.15,-3.5637,4764.9,28040.858
688513.SH,20240510,61.11,62.0,60.12,60.33,61.28,-0.95,-1.5503,3444.19,21043.215
688513.SH,20240509,61.31,62.4,60.8,61.28,61.66,-0.38,-0.6163,5176.06,31887.305
688513.SH,20240508,59.99,62.3,59.8,61.66,59.71,1.95,3.2658,7692.42,47212.321
688513.SH,20240507,61.44,61.44,58.9,59.71,61.53,-1.82,-2.9579,9899.98,58971.809
688513.SH,20240506,61.3,61.96,60.3,61.53,60.58,0.95,1.5682,7330.01,44857.646
688513.SH,20240430,60.15,61.29,59.56,60.58,60.15,0.43,0.7149,5747.04,34873.273
688513.SH,20240429,57.99,60.5,57.84,60.15,57.64,2.51,4.3546,8440.75,50385.329
688513.SH,20240426,59.0,59.88,56.69,57.64,59.53,-1.89,-3.1749,8238.28,47629.207
688513.SH,20240425,59.95,60.15,58.75,59.53,59.35,0.18,0.3033,4588.44,27306.333
688513.SH,20240424,59.4,60.29,58.51,59.35,59.98,-0.63,-1.0504,3910.24,23187.761
688513.SH,20240423,60.33,61.39,57.87,59.98,57.91,2.07,3.5745,9067.89,53973.756
688513.SH,20240422,56.96,59.3,56.5,57.91,56.6,1.31,2.3145,4941.63,28717.252
688513.SH,20240419,56.57,58.5,56.0,56.6,56.75,-0.15,-0.2643,5584.55,31780.451
688513.SH,20240418,57.22,59.4,56.75,56.75,57.82,-1.07,-1.8506,3929.03,22674.554
688513.SH,20240417,56.22,58.51,55.4,57.82,56.14,1.68,2.9925,4087.81,23544.003
688513.SH,20240416,58.0,58.26,55.68,56.14,58.3,-2.16,-3.705,3840.33,21896.921
688513.SH,20240415,58.35,60.41,57.42,58.3,58.35,-0.05,-0.0857,4332.66,25496.831
688513.SH,20240412,57.46,58.9,57.06,58.35,57.65,0.7,1.2142,2409.36,13997.679
688513.SH,20240411,57.8,58.25,56.71,57.65,57.85,-0.2,-0.3457,2902.74,16662.482
688513.SH,20240410,58.01,58.5,57.16,57.85,58.19,-0.34,-0.5843,1604.93,9263.146
688513.SH,20240409,56.1,58.8,56.1,58.19,57.6,0.59,1.0243,2244.87,13039.281
688513.SH,20240408,55.58,57.69,55.36,57.6,56.7,0.9,1.5873,2927.67,16526.82
688513.SH,20240403,56.39,57.86,55.98,56.7,57.26,-0.56,-0.978,3036.5,17246.524
688513.SH,20240402,55.6,57.34,55.26,57.26,55.71,1.55,2.7823,3176.13,18008.226
688513.SH,20240401,57.51,57.51,54.81,55.71,57.23,-1.52,-2.6559,7683.48,42521.33
688513.SH,20240329,57.96,58.71,56.19,57.23,58.03,-0.8,-1.3786,4532.74,25993.404
688513.SH,20240328,57.39,59.99,57.14,58.03,59.17,-1.14,-1.9267,6368.44,37420.715
688513.SH,20240327,56.9,59.29,56.27,59.17,56.9,2.27,3.9895,12019.23,70065.463
688513.SH,20240326,55.47,56.98,54.71,56.9,55.5,1.4,2.5225,8397.16,47366.595
688513.SH,20240325,53.83,55.63,53.83,55.5,54.41,1.09,2.0033,8013.75,44255.946
688513.SH,20240322,53.33,54.58,53.0,54.41,53.71,0.7,1.3033,2845.57,15340.5
688513.SH,20240321,53.28,54.22,52.93,53.71,53.3,0.41,0.7692,2472.72,13268.212
688513.SH,20240320,53.27,53.89,52.85,53.3,53.27,0.03,0.0563,2258.35,12066.69
688513.SH,20240319,53.0,53.6,52.7,53.27,53.26,0.01,0.0188,2067.77,10973.361
688513.SH,20240318,54.64,54.93,52.0,53.26,54.42,-1.16,-2.1316,6734.1,35634.061
688513.SH,20240315,54.25,54.67,53.14,54.42,54.25,0.17,0.3134,2622.7,14129.893
688513.SH,20240314,52.99,55.91,52.98,54.25,52.59,1.66,3.1565,8660.8,47231.891
688513.SH,20240313,52.24,53.09,51.66,52.59,52.23,0.36,0.6893,2272.19,11916.709
688513.SH,20240312,52.13,53.25,52.02,52.23,52.77,-0.54,-1.0233,2648.92,13926.406
688513.SH,20240311,51.14,52.83,51.14,52.77,51.56,1.21,2.3468,1974.23,10326.914
688513.SH,20240308,50.93,51.79,50.5,51.56,50.67,0.89,1.7565,1920.37,9810.355
688513.SH,20240307,51.03,51.76,50.55,50.67,51.14,-0.47,-0.919,2839.07,14551.507
688513.SH,20240306,51.06,51.5,50.02,51.14,51.15,-0.01,-0.0196,2911.26,14842.451
688513.SH,20240305,52.55,52.56,50.77,51.15,52.61,-1.46,-2.7751,2877.48,14797.999
688513.SH,20240304,52.75,53.45,51.78,52.61,52.27,0.34,0.6505,1500.01,7887.026
688513.SH,20240301,52.7,52.93,52.0,52.27,52.54,-0.27,-0.5139,1398.54,7303.103
688513.SH,20240229,51.01,52.69,50.8,52.54,51.63,0.91,1.7625,3818.86,19808.837
688513.SH,20240228,54.9,55.48,51.63,51.63,54.66,-3.03,-5.5434,3908.23,21077.129
688513.SH,20240227,53.23,54.86,52.9,54.66,53.35,1.31,2.4555,1819.01,9812.329
688513.SH,20240226,50.85,54.05,50.85,53.35,52.4,0.95,1.813,5181.22,27504.799
688513.SH,20240223,50.96,52.46,50.1,52.4,51.02,1.38,2.7048,3945.6,20147.353
688513.SH,20240222,50.98,51.43,50.01,51.02,51.01,0.01,0.0196,4799.68,24275.505
688513.SH,20240221,51.0,51.61,50.52,51.01,50.68,0.33,0.6511,6032.17,30747.692
688513.SH,20240220,51.09,52.45,50.58,50.68,51.09,-0.41,-0.8025,5379.57,27808.461
688513.SH,20240219,51.21,52.88,50.26,51.09,51.21,-0.12,-0.2343,5844.98,30010.283
688513.SH,20240208,47.53,52.45,46.66,51.21,47.51,3.7,7.7878,7108.46,35423.614
688513.SH,20240207,46.9,49.7,46.39,47.51,47.05,0.46,0.9777,6235.79,29979.011
688513.SH,20240206,45.51,49.1,44.16,47.05,45.72,1.33,2.909,7604.91,34946.033
688513.SH,20240205,45.23,46.97,43.41,45.72,45.7,0.02,0.0438,6703.31,30450.107
688513.SH,20240202,47.18,47.47,45.02,45.7,47.08,-1.38,-2.9312,6503.61,30002.763
688513.SH,20240201,48.53,49.57,46.89,47.08,48.8,-1.72,-3.5246,4752.65,22591.889
688513.SH,20240131,49.01,50.3,48.51,48.8,49.44,-0.64,-1.2945,4558.51,22590.205
688513.SH,20240130,50.52,50.67,48.89,49.44,51.23,-1.79,-3.494,9151.27,45494.208
688513.SH,20240129,52.36,52.36,50.3,51.23,52.38,-1.15,-2.1955,6660.76,34118.951
688513.SH,20240126,54.9,54.9,52.0,52.38,54.91,-2.53,-4.6075,7042.22,37376.452
688513.SH,20240125,54.03,56.29,53.11,54.91,54.39,0.52,0.9561,4891.56,26769.025
688513.SH,20240124,55.05,55.2,53.41,54.39,55.07,-0.68,-1.2348,2400.54,12989.812
688513.SH,20240123,53.21,55.18,52.33,55.07,53.8,1.27,2.3606,3780.54,20302.26
688513.SH,20240122,57.61,57.62,53.59,53.8,57.09,-3.29,-5.7628,4100.74,22495.358
688513.SH,20240119,56.0,57.6,55.52,57.09,55.85,1.24,2.2202,2819.27,16058.702
688513.SH,20240118,55.44,55.85,53.6,55.85,54.86,0.99,1.8046,4067.59,22091.129
688513.SH,20240117,55.27,55.96,54.71,54.86,55.39,-0.53,-0.9569,3149.72,17404.674
688513.SH,20240116,56.06,56.76,55.08,55.39,56.39,-1.0,-1.7734,3540.68,19691.394
688513.SH,20240115,56.3,58.12,56.29,56.39,56.87,-0.48,-0.844,2433.23,13895.456
688513.SH,20240112,57.03,57.69,56.8,56.87,57.44,-0.57,-0.9923,1010.27,5778.101
688513.SH,20240111,56.16,58.34,56.11,57.44,56.1,1.34,2.3886,3279.14,18782.832
688513.SH,20240110,55.6,56.83,55.35,56.1,55.8,0.3,0.5376,3207.31,17994.903
688513.SH,20240109,55.6,56.85,55.53,55.8,55.94,-0.14,-0.2503,2216.91,12427.957
688513.SH,20240108,58.45,58.45,55.5,55.94,58.33,-2.39,-4.0974,4227.68,23920.699
688513.SH,20240105,60.1,60.19,57.86,58.33,60.22,-1.89,-3.1385,3403.21,20047.084
688513.SH,20240104,59.8,61.09,59.37,60.22,60.62,-0.4,-0.6598,2558.44,15373.063
688513.SH,20240103,60.99,61.9,59.21,60.62,61.19,-0.57,-0.9315,6786.13,41009.511
688513.SH,20240102,63.78,63.87,61.04,61.19,63.78,-2.59,-4.0608,7352.43,45425.705
688513.SH,20231229,61.54,64.25,60.96,63.78,61.38,2.4,3.9101,7267.64,45819.023
688513.SH,20231228,59.89,61.48,59.6,61.38,60.13,1.25,2.0788,5117.69,31174.075
688513.SH,20231227,58.62,60.18,57.53,60.13,58.76,1.37,2.3315,4080.84,23963.228
688513.SH,20231226,58.91,59.56,57.16,58.76,59.45,-0.69,-1.1606,3518.93,20436.895
688513.SH,20231225,59.1,60.04,58.4,59.45,59.61,-0.16,-0.2684,2505.55,14811.484
688513.SH,20231222,58.06,60.0,57.61,59.61,58.02,1.59,2.7404,6367.71,37695.049
688513.SH,20231221,57.36,58.16,56.37,58.02,57.51,0.51,0.8868,2722.85,15621.237
688513.SH,20231220,57.56,57.84,57.08,57.51,57.56,-0.05,-0.0869,2448.0,14076.033
688513.SH,20231219,56.81,58.22,56.13,57.56,56.8,0.76,1.338,5333.82,30646.815
688513.SH,20231218,56.61,57.79,56.06,56.8,56.7,0.1,0.1764,4396.75,25100.482
688513.SH,20231215,58.03,58.03,56.41,56.7,58.2,-1.5,-2.5773,5587.96,31903.034
688513.SH,20231214,59.0,60.14,58.0,58.2,59.47,-1.27,-2.1355,7430.25,43520.103
688513.SH,20231213,60.43,61.5,58.93,59.47,60.68,-1.21,-1.9941,7592.64,45288.629
688513.SH,20231212,60.99,62.79,59.63,60.68,60.71,-0.03,-0.0494,7726.11,47174.106
688513.SH,20231211,57.93,61.28,57.46,60.71,58.21,2.5,4.2948,12361.69,73715.193
688513.SH,20231208,57.43,58.85,57.13,58.21,57.31,0.9,1.5704,10049.91,58576.613
688513.SH,20231207,55.8,58.44,55.41,57.31,55.84,1.47,2.6325,9946.5,56922.1
688513.SH,20231206,55.87,56.66,55.1,55.84,55.95,-0.11,-0.1966,2151.51,12001.011
688513.SH,20231205,55.44,57.17,55.18,55.95,55.54,0.41,0.7382,4147.27,23227.76
688513.SH,20231204,55.19,56.2,54.73,55.54,55.52,0.02,0.036,4116.82,22842.086
688513.SH,20231201,55.77,56.28,54.61,55.52,55.71,-0.19,-0.3411,5830.58,32285.399
688513.SH,20231130,56.06,56.21,55.16,55.71,56.42,-0.71,-1.2584,4757.24,26475.637
688513.SH,20231129,56.49,57.48,56.0,56.42,56.62,-0.2,-0.3532,3992.49,22607.998
688513.SH,20231128,55.78,56.8,54.29,56.62,54.96,1.66,3.0204,8783.81,49333.859
688513.SH,20231127,54.3,55.49,54.25,54.96,54.25,0.71,1.3088,4500.15,24705.248
688513.SH,20231124,54.5,54.67,53.63,54.25,54.43,-0.18,-0.3307,3693.62,20034.969
688513.SH,20231123,54.21,54.98,53.88,54.43,54.21,0.22,0.4058,3718.74,20200.986
688513.SH,20231122,55.53,56.11,54.2,54.21,55.98,-1.77,-3.1618,3413.64,18789.146
688513.SH,20231121,56.71,56.88,55.69,55.98,56.9,-0.92,-1.6169,4058.73,22773.118
688513.SH,20231120,57.3,57.51,55.97,56.9,57.46,-0.56,-0.9746,8578.47,48669.84
688513.SH,20231117,55.4,57.59,54.38,57.46,54.44,3.02,5.5474,16954.38,95639.837
688513.SH,20231116,54.65,54.92,53.88,54.44,54.53,-0.09,-0.165,2115.64,11485.327
688513.SH,20231115,54.59,55.13,54.43,54.53,54.62,-0.09,-0.1648,1180.87,6461.627
688513.SH,20231114,54.72,54.77,53.52,54.62,54.51,0.11,0.2018,2159.4,11694.304
688513.SH,20231113,53.56,54.51,53.56,54.51,54.1,0.41,0.7579,1428.6,7740.644
688513.SH,20231110,53.83,54.86,53.83,54.1,54.12,-0.02,-0.037,2534.84,13757.772
688513.SH,20231109,55.5,56.08,53.8,54.12,55.34,-1.22,-2.2046,3422.98,18739.36
688513.SH,20231108,54.77,55.49,54.35,55.34,54.74,0.6,1.0961,2992.43,16511.254
688513.SH,20231107,55.43,55.87,54.65,54.74,55.49,-0.75,-1.3516,2791.87,15372.645
688513.SH,20231106,54.21,55.5,54.0,55.49,54.18,1.31,2.4179,3819.48,21085.553
688513.SH,20231103,54.69,54.85,53.72,54.18,54.3,-0.12,-0.221,3965.35,21473.381
688513.SH,20231102,55.48,55.48,54.1,54.3,55.66,-1.36,-2.4434,3220.45,17634.626
688513.SH,20231101,55.6,55.9,54.5,55.66,55.48,0.18,0.3244,3821.31,21126.741
688513.SH,20231031,55.46,56.1,54.88,55.48,55.09,0.39,0.7079,2891.31,16141.969
688513.SH,20231030,53.51,55.95,53.51,55.09,54.1,0.99,1.8299,8734.11,48139.778
688513.SH,20231027,54.14,54.89,52.15,54.1,54.25,-0.15,-0.2765,8336.23,44752.307
688513.SH,20231026,52.42,54.32,52.36,54.25,52.6,1.65,3.1369,7319.99,38907.273
688513.SH,20231025,53.13,53.25,52.26,52.6,52.7,-0.1,-0.1898,3903.2,20535.668
688513.SH,20231024,52.46,52.93,52.01,52.7,52.85,-0.15,-0.2838,1512.82,7951.694
688513.SH,20231023,52.22,53.77,51.8,52.85,52.91,-0.06,-0.1134,2202.39,11612.762
688513.SH,20231020,53.77,53.77,52.26,52.91,53.43,-0.52,-0.9732,2576.6,13590.069
688513.SH,20231019,54.05,54.23,53.0,53.43,54.27,-0.84,-1.5478,1653.5,8850.398
688513.SH,20231018,54.81,55.07,53.85,54.27,55.1,-0.83,-1.5064,2712.18,14724.183
688513.SH,20231017,54.53,55.34,54.16,55.1,54.77,0.33,0.6025,2534.56,13870.038
688513.SH,20231016,55.19,55.94,54.33,54.77,55.3,-0.53,-0.9584,3286.71,18090.307
688513.SH,20231013,55.39,55.68,54.67,55.3,55.03,0.27,0.4906,3041.94,16821.261
688513.SH,20231012,55.12,55.44,54.59,55.03,54.61,0.42,0.7691,2081.32,11455.995
688513.SH,20231011,54.63,55.44,54.61,54.61,54.64,-0.03,-0.0549,1632.8,8992.457
688513.SH,20231010,54.92,54.95,54.09,54.64,54.92,-0.28,-0.5098,3346.63,18226.194
688513.SH,20231009,55.5,55.5,54.22,54.92,55.2,-0.28,-0.5072,3264.88,17917.166
688513.SH,20230928,54.2,55.79,53.73,55.2,53.9,1.3,2.4119,9218.16,50855.5
688513.SH,20230927,53.83,54.13,53.02,53.9,53.3,0.6,1.1257,3730.22,19984.13
688513.SH,20230926,55.0,55.0,53.2,53.3,54.64,-1.34,-2.4524,3441.19,18555.926
688513.SH,20230925,53.24,55.25,53.17,54.64,52.34,2.3,4.3943,8056.14,43924.43
688513.SH,20230922,50.86,52.66,50.35,52.34,50.72,1.62,3.194,2393.03,12435.562
688513.SH,20230921,51.73,51.73,50.46,50.72,51.2,-0.48,-0.9375,845.05,4301.85
688513.SH,20230920,51.34,52.25,51.05,51.2,51.44,-0.24,-0.4666,1506.14,7790.269
688513.SH,20230919,51.68,52.39,51.22,51.44,51.67,-0.23,-0.4451,1385.58,7161.727
688513.SH,20230918,51.34,52.58,51.2,51.67,51.34,0.33,0.6428,2504.27,12990.341
688513.SH,20230915,50.7,51.74,50.15,51.34,50.49,0.85,1.6835,2325.62,11918.288
688513.SH,20230914,49.85,50.55,49.49,50.49,49.86,0.63,1.2635,1112.07,5582.176
688513.SH,20230913,50.37,50.89,49.53,49.86,50.76,-0.9,-1.773,1968.0,9856.586
688513.SH,20230912,50.45,51.32,50.0,50.76,50.8,-0.04,-0.0787,1780.67,9052.801
688513.SH,20230911,49.75,51.66,49.17,50.8,49.14,1.66,3.3781,4034.86,20425.875
688513.SH,20230908,49.03,49.53,49.0,49.14,49.14,0.0,0.0,995.51,4892.491
688513.SH,20230907,49.27,49.53,48.9,49.14,49.27,-0.13,-0.2639,997.98,4910.595
688513.SH,20230906,48.8,49.53,48.7,49.27,49.18,0.09,0.183,1633.29,8027.148
688513.SH,20230905,49.09,49.56,48.68,49.18,49.09,0.09,0.1833,1383.11,6789.267
688513.SH,20230904,49.88,49.88,48.56,49.09,49.45,-0.36,-0.728,1935.01,9473.385
688513.SH,20230901,49.57,49.7,49.26,49.45,49.88,-0.43,-0.8621,715.16,3538.02
688513.SH,20230831,49.5,50.45,49.05,49.88,49.73,0.15,0.3016,1293.77,6443.429
688513.SH,20230830,48.82,50.2,48.64,49.73,48.84,0.89,1.8223,2529.83,12554.793
688513.SH,20230829,47.18,49.43,46.58,48.84,47.29,1.55,3.2776,3304.09,15986.938
688513.SH,20230828,48.55,49.5,45.3,47.29,47.22,0.07,0.1482,6093.45,28554.261
688513.SH,20230825,47.99,48.47,47.01,47.22,47.99,-0.77,-1.6045,1491.36,7099.715
688513.SH,20230824,48.84,48.84,47.0,47.99,48.49,-0.5,-1.0311,2647.44,12636.36
688513.SH,20230823,49.14,49.5,47.0,48.49,49.11,-0.62,-1.2625,5287.34,25463.116
688513.SH,20230822,48.4,49.3,48.13,49.11,48.66,0.45,0.9248,2519.53,12265.406
688513.SH,20230821,49.41,49.41,48.57,48.66,49.9,-1.24,-2.485,3028.91,14802.934
688513.SH,20230818,49.33,51.23,49.0,49.9,50.08,-0.18,-0.3594,5691.57,28471.484
688513.SH,20230817,49.23,50.18,49.23,50.08,49.7,0.38,0.7646,1751.05,8695.776
688513.SH,20230816,50.59,50.59,48.92,49.7,50.59,-0.89,-1.7592,4913.4,24409.886
688513.SH,20230815,48.65,51.28,48.65,50.59,47.74,2.85,5.9698,9958.02,49845.114
688513.SH,20230814,47.1,47.85,46.53,47.74,47.06,0.68,1.445,2000.84,9429.486
688513.SH,20230811,48.02,48.23,47.0,47.06,48.0,-0.94,-1.9583,1191.77,5667.564
688513.SH,20230810,47.86,48.22,46.98,48.0,47.63,0.37,0.7768,1334.72,6397.185
688513.SH,20230809,47.24,48.02,46.82,47.63,47.25,0.38,0.8042,1562.67,7441.127
688513.SH,20230808,46.24,47.27,46.24,47.25,46.39,0.86,1.8538,2362.7,11107.672
688513.SH,20230807,48.21,48.27,46.22,46.39,48.21,-1.82,-3.7752,4067.42,19087.489
688513.SH,20230804,48.52,48.52,47.89,48.21,48.18,0.03,0.0623,2310.08,11112.985
688513.SH,20230803,48.03,48.68,47.92,48.18,48.46,-0.28,-0.5778,1570.53,7562.994
688513.SH,20230802,48.96,49.07,48.15,48.46,48.62,-0.16,-0.3291,1413.93,6847.786
688513.SH,20230801,49.16,49.37,48.58,48.62,49.11,-0.49,-0.9978,1175.57,5742.407
688513.SH,20230731,50.19,50.19,48.95,49.11,49.94,-0.83,-1.662,2337.32,11496.35
688513.SH,20230728,49.58,50.19,49.31,49.94,49.58,0.36,0.7261,1109.33,5526.895
688513.SH,20230727,50.1,50.11,49.1,49.58,50.09,-0.51,-1.0182,1296.62,6424.223
688513.SH,20230726,50.01,50.89,49.99,50.09,50.09,0.0,0.0,1579.33,7965.094
688513.SH,20230725,49.69,50.29,49.57,50.09,49.71,0.38,0.7644,1648.38,8228.296
688513.SH,20230724,49.0,50.4,49.0,49.71,49.37,0.34,0.6887,1445.79,7217.116
688513.SH,20230721,49.63,49.9,48.35,49.37,48.99,0.38,0.7757,2980.55,14708.243
688513.SH,20230720,49.1,49.77,48.91,48.99,48.87,0.12,0.2455,1414.8,6966.614
688513.SH,20230719,48.67,50.2,48.67,48.87,48.61,0.26,0.5349,2888.57,14234.976
688513.SH,20230718,48.51,49.09,48.31,48.61,48.66,-0.05,-0.1028,1909.51,9303.481
688513.SH,20230717,48.87,49.23,48.35,48.66,48.84,-0.18,-0.3686,1769.68,8592.659
688513.SH,20230714,48.4,49.38,48.17,48.84,48.39,0.45,0.9299,2984.47,14608.096
688513.SH,20230713,50.38,50.38,47.82,48.39,49.95,-1.56,-3.1231,11284.15,54928.496
688513.SH,20230712,52.7,52.77,49.88,49.95,52.8,-2.85,-5.3977,6163.16,31372.093
688513.SH,20230711,53.2,53.48,52.0,52.8,53.13,-0.33,-0.6211,3591.07,18860.863
688513.SH,20230710,54.08,54.08,52.58,53.13,53.7,-0.57,-1.0615,3548.79,18847.347
688513.SH,20230707,53.69,54.22,53.04,53.7,53.76,-0.06,-0.1116,2015.82,10816.456
688513.SH,20230706,54.3,54.3,53.59,53.76,54.15,-0.39,-0.7202,1591.16,8580.44
688513.SH,20230705,54.83,55.12,54.1,54.15,54.82,-0.67,-1.2222,1155.11,6290.461
688513.SH,20230704,54.72,55.27,54.14,54.82,54.61,0.21,0.3845,2262.0,12381.256
688513.SH,20230703,54.8,55.16,54.1,54.61,54.86,-0.25,-0.4557,1868.9,10199.47
688513.SH,20230630,54.04,54.96,54.03,54.86,54.31,0.55,1.0127,2440.65,13287.791
688513.SH,20230629,53.25,54.6,53.25,54.31,53.58,0.73,1.3624,1319.14,7136.97
688513.SH,20230628,53.51,53.75,53.06,53.58,53.79,-0.21,-0.3904,872.67,4655.421
688513.SH,20230627,52.81,53.88,52.81,53.79,52.9,0.89,1.6824,1457.43,7807.168
688513.SH,20230626,53.31,53.41,52.81,52.9,53.59,-0.69,-1.2876,2383.64,12657.007
688513.SH,20230621,53.07,54.05,53.0,53.59,53.45,0.14,0.2619,1901.43,10165.073
688513.SH,20230620,53.26,53.81,53.17,53.45,53.61,-0.16,-0.2985,1045.03,5582.856
688513.SH,20230619,52.86,53.8,52.86,53.61,53.12,0.49,0.9224,1032.15,5528.639
688513.SH,20230616,53.04,53.36,52.75,53.12,53.19,-0.07,-0.1316,1521.88,8071.902
688513.SH,20230615,52.75,53.26,52.6,53.19,52.95,0.24,0.4533,1385.63,7338.403
688513.SH,20230614,54.13,54.18,52.3,52.95,53.69,-0.74,-1.3783,5057.66,26916.523
688513.SH,20230613,54.18,54.18,53.4,53.69,54.18,-0.49,-0.9044,1168.39,6274.163
688513.SH,20230612,54.45,54.79,53.13,54.18,54.45,-0.27,-0.4959,2320.58,12494.115
688513.SH,20230609,53.19,54.48,52.65,54.45,52.9,1.55,2.9301,2427.57,13052.323
688513.SH,20230608,53.25,53.48,52.0,52.9,53.51,-0.61,-1.14,2826.9,14984.857
688513.SH,20230607,54.28,54.28,53.0,53.51,53.59,-0.08,-0.1493,3686.92,19629.117
688513.SH,20230606,55.0,55.18,53.59,53.59,54.89,-1.3,-2.3684,1690.1,9171.744
688513.SH,20230605,54.5,55.55,54.4,54.89,54.42,0.47,0.8637,1802.35,9893.862
688513.SH,20230602,55.52,55.85,54.4,54.42,55.26,-0.84,-1.5201,3395.84,18635.925
688513.SH,20230601,55.75,55.98,55.25,55.26,55.87,-0.61,-1.0918,2140.06,11885.094
688513.SH,20230531,56.31,57.35,55.73,55.87,56.93,-1.06,-1.8619,4257.99,24092.52
688513.SH,20230530,57.62,57.95,56.3,56.93,57.5,-0.57,-0.9913,2226.72,12685.917
688513.SH,20230529,57.97,58.37,56.79,57.5,57.85,-0.35,-0.605,2809.66,16130.988
688513.SH,20230526,56.1,58.1,56.1,57.85,56.67,1.18,2.0822,2796.47,16042.275
688513.SH,20230525,55.36,56.85,55.26,56.67,55.55,1.12,2.0162,2494.85,14016.278
688513.SH,20230524,55.01,55.8,55.01,55.55,55.57,-0.02,-0.036,1136.46,6295.342
688513.SH,20230523,54.8,56.22,54.78,55.57,54.64,0.93,1.702,1357.56,7554.843
688513.SH,20230522,54.99,55.68,54.37,55.2,54.68,0.52,0.951,2954.81,16267.916
688513.SH,20230519,54.69,55.39,54.28,54.68,55.1,-0.42,-0.7623,1635.51,8963.861
688513.SH,20230518,55.97,56.29,54.2,55.1,55.95,-0.85,-1.5192,3052.86,16813.349
688513.SH,20230517,56.56,56.58,55.15,55.95,56.54,-0.59,-1.0435,2658.23,14797.803
688513.SH,20230516,55.55,57.28,55.45,56.54,56.16,0.38,0.6766,1137.61,6448.18
688513.SH,20230515,54.93,56.2,54.79,56.16,55.29,0.87,1.5735,1546.71,8573.034
688513.SH,20230512,56.34,56.34,55.2,55.29,55.8,-0.51,-0.914,1237.61,6864.997
688513.SH,20230511,55.56,57.46,55.56,55.8,56.22,-0.42,-0.7471,1450.08,8208.326
688513.SH,20230510,56.08,56.28,55.36,56.22,55.85,0.37,0.6625,1227.05,6831.469
688513.SH,20230509,56.8,56.97,55.6,55.85,57.38,-1.53,-2.6664,2313.7,13029.431
688513.SH,20230508,57.78,57.78,56.7,57.38,57.8,-0.42,-0.7266,2618.22,14974.188
688513.SH,20230505,58.32,58.32,56.6,57.8,58.32,-0.52,-0.8916,2992.65,17147.604
688513.SH,20230504,56.4,58.66,55.88,58.32,57.0,1.32,2.3158,4604.04,26309.875
688513.SH,20230428,57.46,58.31,56.56,57.0,57.78,-0.78,-1.3499,3902.46,22332.335
688513.SH,20230427,56.64,58.5,56.21,57.78,56.71,1.07,1.8868,4395.04,25328.152
688513.SH,20230426,55.61,57.17,55.6,56.71,55.61,1.1,1.9781,3823.9,21614.463
688513.SH,20230425,57.37,57.66,54.52,55.61,57.37,-1.76,-3.0678,8767.89,48657.993
688513.SH,20230424,58.59,58.97,57.19,57.37,58.59,-1.22,-2.0823,5226.36,30265.821
688513.SH,20230421,59.1,59.94,58.37,58.59,58.88,-0.29,-0.4925,3033.73,17996.076
688513.SH,20230420,60.44,60.44,58.65,58.88,59.94,-1.06,-1.7684,5101.67,30151.647
688513.SH,20230419,60.91,61.33,59.55,59.94,61.3,-1.36,-2.2186,9337.86,56325.671
688513.SH,20230418,61.53,62.13,60.53,61.3,61.22,0.08,0.1307,4813.46,29479.493
688513.SH,20230417,61.9,63.65,61.15,61.22,62.28,-1.06,-1.702,4082.73,25319.043
688513.SH,20230414,60.89,63.68,60.89,62.28,61.15,1.13,1.8479,15285.52,95544.973
688513.SH,20230413,59.33,61.51,57.98,61.15,59.53,1.62,2.7213,9557.2,57655.752
688513.SH,20230412,59.1,59.95,57.9,59.53,59.1,0.43,0.7276,7947.13,46890.015
688513.SH,20230411,58.97,59.47,58.48,59.1,59.09,0.01,0.0169,5646.51,33314.103
688513.SH,20230410,59.03,59.81,58.5,59.09,59.23,-0.14,-0.2364,4698.65,27718.719
688513.SH,20230407,59.49,59.94,58.18,59.23,59.49,-0.26,-0.437,9155.51,54002.087
688513.SH,20230406,54.16,59.8,53.85,59.49,53.79,5.7,10.5968,20894.28,120312.249
688513.SH,20230404,53.36,54.69,53.04,53.79,53.27,0.52,0.9762,5174.48,27818.925
688513.SH,20230403,53.34,53.34,52.65,53.27,53.18,0.09,0.1692,3358.86,17789.257
688513.SH,20230331,52.97,53.49,52.58,53.18,52.89,0.29,0.5483,2237.32,11897.173
688513.SH,20230330,53.7,53.7,52.35,52.89,53.18,-0.29,-0.5453,4512.9,23816.278
688513.SH,20230329,53.96,53.96,53.02,53.18,53.56,-0.38,-0.7095,2723.89,14491.413
688513.SH,20230328,53.96,54.14,53.46,53.56,54.0,-0.44,-0.8148,2329.09,12519.332
688513.SH,20230327,54.58,54.69,53.55,54.0,54.3,-0.3,-0.5525,4450.47,24045.873
688513.SH,20230324,54.28,54.83,54.0,54.3,54.17,0.13,0.24,2287.09,12425.032
688513.SH,20230323,54.18,54.28,53.77,54.17,54.19,-0.02,-0.0369,2215.39,11968.92
688513.SH,20230322,54.04,54.3,53.25,54.19,53.78,0.41,0.7624,4886.47,26326.913
688513.SH,20230321,53.56,54.4,53.4,53.78,53.79,-0.01,-0.0186,3509.08,18842.951
688513.SH,20230320,54.26,54.78,52.78,53.79,54.49,-0.7,-1.2846,7745.84,41527.64
688513.SH,20230317,55.07,55.07,53.82,54.49,54.8,-0.31,-0.5657,5016.29,27244.852
688513.SH,20230316,54.91,55.68,54.05,54.8,54.8,0.0,0.0,4362.81,23895.279
688513.SH,20230315,54.27,55.5,54.17,54.8,53.69,1.11,2.0674,4816.0,26427.658
688513.SH,20230314,54.36,54.7,53.28,53.69,54.0,-0.31,-0.5741,8177.94,44036.356
688513.SH,20230313,55.02,55.59,53.8,54.0,55.4,-1.4,-2.5271,5430.09,29610.618
688513.SH,20230310,55.71,56.23,54.8,55.4,56.03,-0.63,-1.1244,5552.32,30699.363
688513.SH,20230309,55.83,56.48,55.76,56.03,55.76,0.27,0.4842,1956.74,10960.093
688513.SH,20230308,55.99,56.18,55.34,55.76,55.49,0.27,0.4866,1608.95,8951.967
688513.SH,20230307,56.2,56.76,55.41,55.49,56.21,-0.72,-1.2809,3665.37,20515.274
688513.SH,20230306,55.88,58.8,55.75,56.21,55.8,0.41,0.7348,5813.96,33213.822
688513.SH,20230303,56.19,57.55,55.62,55.8,57.05,-1.25,-2.1911,4463.39,25097.704
688513.SH,20230302,59.2,59.2,56.99,57.05,58.83,-1.78,-3.0257,4046.45,23453.293
688513.SH,20230301,58.51,59.36,58.12,58.83,58.1,0.73,1.2565,5384.18,31674.904
688513.SH,20230228,55.71,58.3,55.25,58.1,56.24,1.86,3.3073,6668.29,38016.2
688513.SH,20230227,56.99,56.99,55.7,56.24,57.08,-0.84,-1.4716,3937.8,22113.036
688513.SH,20230224,56.61,57.2,56.13,57.08,56.53,0.55,0.9729,2398.23,13610.609
688513.SH,20230223,56.33,56.95,56.3,56.53,56.46,0.07,0.124,2083.3,11778.658
688513.SH,20230222,56.3,57.18,56.3,56.46,56.58,-0.12,-0.2121,1817.15,10310.503
688513.SH,20230221,57.22,57.22,56.28,56.58,57.0,-0.42,-0.7368,4444.38,25150.531
688513.SH,20230220,57.8,57.8,56.28,57.0,57.31,-0.31,-0.5409,6705.19,38069.171
688513.SH,20230217,57.9,58.06,57.01,57.31,57.89,-0.58,-1.0019,2034.33,11687.593
688513.SH,20230216,59.48,59.57,57.88,57.89,59.48,-1.59,-2.6732,2657.61,15577.042
688513.SH,20230215,59.64,59.88,58.86,59.48,59.64,-0.16,-0.2683,3274.25,19426.301
688513.SH,20230214,59.21,59.74,59.02,59.64,59.19,0.45,0.7603,2729.71,16220.469
688513.SH,20230213,58.2,59.2,58.2,59.19,58.45,0.74,1.266,2587.93,15249.964
688513.SH,20230210,58.98,59.67,57.66,58.45,59.0,-0.55,-0.9322,3288.68,19206.618
688513.SH,20230209,56.74,59.33,56.58,59.0,56.79,2.21,3.8915,7578.62,44176.521
688513.SH,20230208,56.99,57.68,56.55,56.79,57.1,-0.31,-0.5429,3491.56,19901.468
688513.SH,20230207,57.67,57.88,56.46,57.1,57.39,-0.29,-0.5053,4884.63,27817.463
688513.SH,20230206,57.83,58.22,56.75,57.39,58.24,-0.85,-1.4595,3399.37,19498.213
688513.SH,20230203,58.74,58.74,57.18,58.24,58.61,-0.37,-0.6313,4169.38,24103.509
688513.SH,20230202,59.35,60.15,58.38,58.61,59.51,-0.9,-1.5124,5306.26,31367.017
688513.SH,20230201,59.1,59.59,59.05,59.51,59.12,0.39,0.6597,2213.29,13125.33
688513.SH,20230131,59.63,60.42,59.06,59.12,60.06,-0.94,-1.5651,3045.77,18171.494
688513.SH,20230130,61.0,61.66,59.81,60.06,60.86,-0.8,-1.3145,3308.61,19997.392
688513.SH,20230120,61.54,61.55,60.6,60.86,61.41,-0.55,-0.8956,2715.21,16581.71
688513.SH,20230119,59.45,61.86,58.67,61.41,58.87,2.54,4.3146,7264.5,44242.424
688513.SH,20230118,58.85,60.3,58.55,58.87,59.14,-0.27,-0.4565,4064.47,24057.328
688513.SH,20230117,60.94,60.94,58.68,59.14,60.74,-1.6,-2.6342,6803.02,40332.423
688513.SH,20230116,60.5,62.79,60.5,60.74,60.48,0.26,0.4299,8650.95,53311.405
688513.SH,20230113,60.5,61.65,60.0,60.48,60.44,0.04,0.0662,6891.37,41780.276
688513.SH,20230112,61.5,62.39,60.26,60.44,61.6,-1.16,-1.8831,7040.56,43125.705
688513.SH,20230111,63.3,63.3,60.63,61.6,62.73,-1.13,-1.8014,6711.41,41396.052
688513.SH,20230110,61.57,63.16,60.3,62.73,61.06,1.67,2.735,7660.76,47548.624
688513.SH,20230109,60.92,62.0,60.66,61.06,60.62,0.44,0.7258,4385.68,26894.718
688513.SH,20230106,61.0,61.0,59.53,60.62,60.77,-0.15,-0.2468,7490.89,45211.478
688513.SH,20230105,61.11,61.93,60.6,60.77,61.36,-0.59,-0.9615,5081.71,31080.81
688513.SH,20230104,60.83,62.7,60.51,61.36,60.78,0.58,0.9543,6050.92,37369.227
688513.SH,20230103,60.41,61.98,60.41,60.78,60.84,-0.06,-0.0986,4962.48,30349.901
688513.SH,20221230,58.98,61.37,57.76,60.84,58.48,2.36,4.0356,10257.92,61823.823
688513.SH,20221229,57.09,59.98,56.98,58.48,57.44,1.04,1.8106,6231.13,36703.972
688513.SH,20221228,56.74,57.95,56.28,57.44,56.85,0.59,1.0378,4465.82,25637.824
688513.SH,20221227,56.26,57.2,54.41,56.85,56.06,0.79,1.4092,4711.65,26415.938
688513.SH,20221226,54.45,57.56,53.88,56.06,55.0,1.06,1.9273,7894.39,44067.676
688513.SH,20221223,52.12,55.65,52.12,55.0,52.62,2.38,4.523,7826.5,42211.095
688513.SH,20221222,53.11,53.38,52.2,52.62,52.58,0.04,0.0761,8639.14,45528.57
688513.SH,20221221,54.56,55.46,52.5,52.58,54.57,-1.99,-3.6467,6653.83,35805.055
688513.SH,20221220,54.27,55.95,53.33,54.57,54.34,0.23,0.4233,5639.97,30738.555
688513.SH,20221219,59.33,59.33,53.8,54.34,59.93,-5.59,-9.3275,11789.59,66137.804
688513.SH,20221216,55.51,60.34,55.1,59.93,55.72,4.21,7.5556,13120.68,77402.877
688513.SH,20221215,56.24,56.62,55.27,55.72,56.27,-0.55,-0.9774,5099.97,28414.531
688513.SH,20221214,59.84,59.84,56.02,56.27,58.28,-2.01,-3.4489,8566.98,48869.684
688513.SH,20221213,58.64,60.61,57.59,58.28,58.08,0.2,0.3444,9936.68,58607.297
688513.SH,20221212,56.1,58.18,55.44,58.08,55.95,2.13,3.807,3937.48,22584.619
688513.SH,20221209,57.25,58.01,55.73,55.95,57.38,-1.43,-2.4922,5885.93,33429.217
688513.SH,20221208,57.06,58.12,56.22,57.38,57.43,-0.05,-0.0871,4963.92,28352.76
688513.SH,20221207,56.7,57.55,55.48,57.43,56.82,0.61,1.0736,5960.42,33779.469
688513.SH,20221206,58.0,59.09,56.33,56.82,58.32,-1.5,-2.572,5428.31,31004.777
688513.SH,20221205,58.01,59.08,57.11,58.32,57.56,0.76,1.3204,5745.14,33312.688
688513.SH,20221202,58.56,59.15,57.12,57.56,58.57,-1.01,-1.7244,4191.98,24277.007
688513.SH,20221201,57.42,58.97,56.52,58.57,56.75,1.82,3.207,5416.67,31346.583
688513.SH,20221130,57.39,57.71,56.28,56.75,57.38,-0.63,-1.0979,3687.43,20954.0
688513.SH,20221129,57.21,58.13,56.4,57.38,56.69,0.69,1.2171,5613.19,32142.817
688513.SH,20221128,58.02,59.14,56.63,56.69,59.03,-2.34,-3.9641,7652.61,43999.01
688513.SH,20221125,59.89,59.89,58.26,59.03,59.69,-0.66,-1.1057,2628.39,15461.158
688513.SH,20221124,59.74,60.12,59.06,59.69,59.38,0.31,0.5221,2444.33,14531.166
688513.SH,20221123,60.28,60.46,58.53,59.38,60.16,-0.78,-1.2965,3452.69,20493.752
688513.SH,20221122,62.8,63.87,60.08,60.16,62.8,-2.64,-4.2038,5587.1,34528.158
688513.SH,20221121,62.79,63.38,61.47,62.8,62.79,0.01,0.0159,4148.1,25878.684
688513.SH,20221118,62.58,63.97,62.17,62.79,62.04,0.75,1.2089,4232.86,26626.968
688513.SH,20221117,61.47,62.29,60.5,62.04,61.19,0.85,1.3891,4098.78,25144.5
688513.SH,20221116,62.91,62.91,60.92,61.19,62.52,-1.33,-2.1273,4568.83,28117.108
688513.SH,20221115,62.3,62.93,61.2,62.52,61.6,0.92,1.4935,7347.09,45823.25
688513.SH,20221114,59.98,63.53,59.57,61.6,60.02,1.58,2.6325,12806.98,79274.646
688513.SH,20221111,61.95,64.76,59.47,60.02,61.75,-1.73,-2.8016,14555.99,90336.654
688513.SH,20221110,62.85,63.9,61.63,61.75,62.85,-1.1,-1.7502,4363.19,27351.234
688513.SH,20221109,61.72,64.83,61.52,62.85,61.72,1.13,1.8308,7296.06,46194.038
688513.SH,20221108,62.49,62.49,60.66,61.72,62.06,-0.34,-0.5479,3112.15,19086.459
688513.SH,20221107,62.85,63.4,61.63,62.06,63.0,-0.94,-1.4921,5277.45,32845.316
688513.SH,20221104,63.86,63.86,62.25,63.0,63.36,-0.36,-0.5682,7050.47,44333.136
688513.SH,20221103,61.8,63.91,61.5,63.36,62.08,1.28,2.0619,6110.95,38454.589
688513.SH,20221102,62.05,63.84,61.04,62.08,62.0,0.08,0.129,6905.8,43460.736
688513.SH,20221101,61.22,64.07,60.01,62.0,61.62,0.38,0.6167,9376.23,57509.85
688513.SH,20221031,60.03,62.89,59.51,61.62,60.14,1.48,2.4609,5044.06,31062.241
688513.SH,20221028,61.49,61.49,59.7,60.14,61.11,-0.97,-1.5873,5766.3,35011.436
688513.SH,20221027,64.12,64.21,60.8,61.11,63.72,-2.61,-4.096,11847.18,73270.261
688513.SH,20221026,59.79,63.94,59.06,63.72,59.79,3.93,6.573,14581.0,91359.608
688513.SH,20221025,62.2,62.27,57.4,59.79,62.27,-2.48,-3.9827,15976.92,94588.233
688513.SH,20221024,65.52,65.88,62.0,62.27,65.35,-3.08,-4.7131,17374.27,110708.152
688513.SH,20221021,59.0,65.8,59.0,65.35,59.3,6.05,10.2024,31859.59,201784.748
688513.SH,20221020,59.81,60.6,59.06,59.3,60.05,-0.75,-1.249,6872.32,41236.352
688513.SH,20221019,60.31,61.1,59.47,60.05,60.79,-0.74,-1.2173,7937.22,47911.026
688513.SH,20221018,58.75,61.98,58.23,60.79,58.97,1.82,3.0863,17756.86,107785.631
688513.SH,20221017,55.25,59.49,55.25,58.97,55.52,3.45,6.214,14979.64,86935.174
688513.SH,20221014,53.3,55.97,52.95,55.52,53.3,2.22,4.1651,5543.18,30548.005
688513.SH,20221013,51.7,53.85,50.9,53.3,51.22,2.08,4.0609,2231.44,11824.55
688513.SH,20221012,49.83,51.5,49.32,51.22,50.02,1.2,2.399,2147.98,10751.431
688513.SH,20221011,50.86,50.86,48.77,50.02,50.93,-0.91,-1.7868,2895.55,14374.032
688513.SH,20221010,52.5,53.4,50.77,50.93,52.1,-1.17,-2.2457,2396.94,12533.736
688513.SH,20220930,51.38,53.12,51.38,52.1,51.85,0.25,0.4822,1853.6,9687.869
688513.SH,20220929,51.1,53.1,50.8,51.85,50.61,1.24,2.4501,2488.53,12954.705
688513.SH,20220928,52.3,52.86,50.61,50.61,52.27,-1.66,-3.1758,2832.79,14535.131
688513.SH,20220927,51.8,52.35,51.33,52.27,51.51,0.76,1.4754,1781.89,9258.385
688513.SH,20220926,52.0,52.7,51.13,51.51,52.41,-0.9,-1.7172,1618.99,8390.328
688513.SH,20220923,51.95,52.8,51.51,52.41,52.47,-0.06,-0.1144,2415.18,12570.107
688513.SH,20220922,53.01,53.73,52.31,52.47,53.07,-0.6,-1.1306,1796.97,9490.293
688513.SH,20220921,53.49,53.88,52.5,53.07,53.66,-0.59,-1.0995,1184.93,6273.38
688513.SH,20220920,53.95,54.12,53.32,53.66,53.4,0.26,0.4869,2073.34,11134.806
688513.SH,20220919,53.53,54.18,52.58,53.4,53.65,-0.25,-0.466,2564.18,13609.522
688513.SH,20220916,54.85,55.29,53.65,53.65,54.28,-0.63,-1.1606,3010.78,16439.374
688513.SH,20220915,54.61,55.5,54.28,54.28,54.8,-0.52,-0.9489,2524.93,13808.414
688513.SH,20220914,54.56,55.09,54.07,54.8,55.12,-0.32,-0.5806,3531.09,19212.63
688513.SH,20220913,56.86,58.13,55.12,55.12,56.86,-1.74,-3.0601,3058.07,17206.881
688513.SH,20220909,57.61,57.61,56.1,56.86,57.25,-0.39,-0.6812,2283.72,12906.95
688513.SH,20220908,57.71,58.18,56.83,57.25,57.83,-0.58,-1.0029,3903.02,22422.003
688513.SH,20220907,57.69,57.95,57.25,57.83,57.75,0.08,0.1385,1334.24,7676.515
688513.SH,20220906,58.59,58.6,57.5,57.75,58.38,-0.63,-1.0791,2012.15,11639.87
688513.SH,20220905,58.05,58.73,57.15,58.38,58.07,0.31,0.5338,2902.93,16857.418
688513.SH,20220902,56.44,58.45,56.04,58.07,56.45,1.62,2.8698,3536.5,20252.335
688513.SH,20220901,57.2,57.98,55.55,56.45,56.52,-0.07,-0.1238,3191.27,18109.773
688513.SH,20220831,56.85,58.36,55.55,56.52,57.2,-0.68,-1.1888,4322.27,24719.51
688513.SH,20220830,56.91,57.59,56.46,57.2,57.2,0.0,0.0,1408.23,8030.9
688513.SH,20220829,55.48,57.36,54.51,57.2,55.85,1.35,2.4172,2666.88,15143.379
688513.SH,20220826,55.46,56.97,55.46,55.85,55.65,0.2,0.3594,2273.63,12804.564
688513.SH,20220825,54.91,56.37,54.31,55.65,55.12,0.53,0.9615,3845.32,21306.04
688513.SH,20220824,57.24,57.45,55.05,55.12,57.2,-2.08,-3.6364,4966.26,27799.998
688513.SH,20220823,58.72,58.98,57.0,57.2,58.7,-1.5,-2.5554,4782.37,27699.985
688513.SH,20220822,57.13,59.0,56.69,58.7,57.7,1.0,1.7331,6143.17,35587.614
688513.SH,20220819,59.81,60.33,57.66,57.7,60.1,-2.4,-3.9933,5097.86,29901.236
688513.SH,20220818,60.06,60.3,58.33,60.1,60.17,-0.07,-0.1163,8257.78,49024.2
688513.SH,20220817,58.63,60.17,58.43,60.17,58.9,1.27,2.1562,5823.69,34566.673
688513.SH,20220816,59.4,59.4,58.65,58.9,59.4,-0.5,-0.8418,3286.9,19336.543
688513.SH,20220815,59.5,59.84,58.52,59.4,59.48,-0.08,-0.1345,3466.9,20485.099
688513.SH,20220812,59.6,60.11,58.68,59.48,59.8,-0.32,-0.5351,5233.48,31090.326
688513.SH,20220811,57.26,59.8,57.02,59.8,57.18,2.62,4.582,5975.55,35201.529
688513.SH,20220810,57.44,57.7,57.01,57.18,57.81,-0.63,-1.0898,3105.39,17790.328
688513.SH,20220809,57.95,58.48,56.84,57.81,58.0,-0.19,-0.3276,5869.3,33675.692
688513.SH,20220808,58.02,59.16,57.01,58.0,57.85,0.15,0.2593,6157.36,35848.875
688513.SH,20220805,56.99,58.73,56.99,57.85,56.48,1.37,2.4256,6771.88,39261.32
688513.SH,20220804,57.52,57.79,55.91,56.48,57.0,-0.52,-0.9123,6531.63,37016.799
688513.SH,20220803,57.15,58.19,57.0,57.0,57.5,-0.5,-0.8696,7251.82,41730.574
688513.SH,20220802,58.4,58.4,56.21,57.5,58.68,-1.18,-2.0109,7986.65,45554.166
688513.SH,20220801,59.5,59.5,57.0,58.68,59.49,-0.81,-1.3616,12534.83,72746.464
688513.SH,20220729,59.37,60.93,58.36,59.49,58.9,0.59,1.0017,11995.61,71469.086
688513.SH,20220728,59.7,59.89,58.33,58.9,59.5,-0.6,-1.0084,10792.01,63727.497
688513.SH,20220727,60.14,61.05,59.28,59.5,60.14,-0.64,-1.0642,8336.14,50086.716
688513.SH,20220726,59.76,60.16,57.79,60.14,59.35,0.79,1.3311,11480.79,67726.897
688513.SH,20220725,61.4,62.2,59.0,59.35,61.3,-1.95,-3.1811,10562.62,63608.716
688513.SH,20220722,59.1,61.9,58.91,61.3,58.9,2.4,4.0747,13985.31,84881.289
688513.SH,20220721,58.63,60.42,57.9,58.9,58.5,0.4,0.6838,10425.2,61935.515
688513.SH,20220720,58.46,58.86,57.16,58.5,58.19,0.31,0.5327,6412.89,37310.403
688513.SH,20220719,57.97,58.75,57.01,58.19,57.5,0.69,1.2,9592.17,55655.098
688513.SH,20220718,54.23,58.01,54.13,57.5,54.0,3.5,6.4815,15593.54,88485.8
688513.SH,20220715,53.95,55.09,53.87,54.0,54.03,-0.03,-0.0555,7680.95,41823.774
688513.SH,20220714,53.8,55.89,53.5,54.03,53.93,0.1,0.1854,8876.73,48536.545
688513.SH,20220713,52.88,56.5,52.8,53.93,53.2,0.73,1.3722,11253.59,62001.568
688513.SH,20220712,53.91,54.29,53.0,53.2,53.91,-0.71,-1.317,4087.8,21876.981
688513.SH,20220711,53.41,54.54,53.1,53.91,53.38,0.53,0.9929,3612.83,19440.887
688513.SH,20220708,53.33,54.22,53.05,53.38,53.74,-0.36,-0.6699,3998.28,21413.706
688513.SH,20220707,54.25,54.97,53.46,53.74,54.3,-0.56,-1.0313,5424.91,29289.578
688513.SH,20220706,54.97,55.45,54.0,54.3,54.32,-0.02,-0.0368,5518.09,30066.51
688513.SH,20220705,55.57,55.71,53.63,54.32,55.5,-1.18,-2.1261,8354.96,45397.542
688513.SH,20220704,50.6,55.55,50.6,55.5,51.05,4.45,8.7169,23500.99,127317.364
688513.SH,20220701,49.72,51.32,49.72,51.05,49.52,1.53,3.0897,4435.29,22484.876
688513.SH,20220630,49.38,51.17,49.31,49.52,49.7,-0.18,-0.3622,4724.4,23563.091
688513.SH,20220629,49.81,50.8,49.6,49.7,49.81,-0.11,-0.2208,3796.13,19018.69
688513.SH,20220628,50.6,50.6,49.31,49.81,50.49,-0.68,-1.3468,4208.68,20887.078
688513.SH,20220627,49.44,51.67,49.44,50.49,49.35,1.14,2.31,6398.18,32554.648
688513.SH,20220624,48.28,49.98,48.18,49.35,48.25,1.1,2.2798,3552.38,17511.924
688513.SH,20220623,48.11,48.31,47.62,48.25,48.11,0.14,0.291,1556.94,7476.43
688513.SH,20220622,48.8,48.83,48.06,48.11,48.4,-0.29,-0.5992,1738.12,8392.839
688513.SH,20220621,48.8,48.8,48.09,48.4,48.57,-0.17,-0.35,1967.56,9518.67
688513.SH,20220620,48.93,49.73,48.34,48.57,49.3,-0.73,-1.4807,4356.47,21278.144
688513.SH,20220617,49.26,49.5,47.97,49.3,49.52,-0.22,-0.4443,3840.14,18744.12
688513.SH,20220616,49.18,50.16,49.18,49.52,49.17,0.35,0.7118,2198.26,10920.344
688513.SH,20220615,49.59,50.2,49.16,49.17,49.67,-0.5,-1.0066,2868.97,14237.809
688513.SH,20220614,49.62,50.33,48.78,49.67,50.06,-0.39,-0.7791,2638.54,13083.923
688513.SH,20220613,48.8,50.16,48.68,50.06,49.22,0.84,1.7066,3483.29,17176.56
688513.SH,20220610,48.98,49.51,48.0,49.22,49.0,0.22,0.449,5099.31,24901.568
688513.SH,20220609,50.0,50.67,48.4,49.0,50.51,-1.51,-2.9895,7820.62,38290.227
688513.SH,20220608,51.9,52.22,49.53,50.51,51.9,-1.39,-2.6782,4294.28,21748.441
